Date,Open Price,High Price,Low Price,Close Price,WAP,No.of Shares,No. of Trades,Total Turnover (Rs.),Deliverable Quantity,% Deli. Qty to Traded Qty,Spread High-Low,Spread Close-Open
28-June-2024,459.55,477.25,442.70,469.80,463.397556513785443616,30612,1569,14185526.00,17822,58.22,34.55,10.25
27-June-2024,465.75,469.90,442.95,450.50,456.399261071925531404,20841,1546,9511817.00,5943,28.52,26.95,-15.25
26-June-2024,445.95,482.55,443.45,458.25,463.550318500527015260,43642,2823,20230263.00,11529,26.42,39.10,12.30
25-June-2024,450.30,456.55,440.75,442.30,445.383706720977596741,17185,1529,7653919.00,10030,58.36,15.80,-8.00
24-June-2024,432.95,452.10,427.35,445.65,442.203506629448709002,22928,1789,10138842.00,8410,36.68,24.75,12.70
21-June-2024,424.80,433.50,418.20,425.20,424.152268287388756240,9214,519,3908139.00,5908,64.12,15.30,0.40
20-June-2024,426.85,447.60,415.10,424.80,435.672889979104206414,66042,3136,28772709.00,37720,57.12,32.50,-2.05
19-June-2024,390.85,461.00,380.00,426.15,427.953262841769379966,63932,1870,27359908.00,39837,62.31,81.00,35.30
18-June-2024,387.80,397.00,384.75,389.70,390.597556719022687609,11460,441,4476248.00,6953,60.67,12.25,1.90
14-June-2024,399.70,408.35,393.90,395.15,397.869197655723250868,19281,949,7671316.00,8637,44.80,14.45,-4.55
13-June-2024,396.75,399.20,387.20,395.50,394.544587773415591699,10698,522,4220838.00,4912,45.92,12.00,-1.25
12-June-2024,394.90,395.00,383.20,388.95,388.510174361396465540,25407,1385,9870878.00,15594,61.38,11.80,-5.95
11-June-2024,370.00,398.60,370.00,388.90,386.600385792204336836,75170,4340,29060751.00,41021,54.57,28.60,18.90
10-June-2024,354.45,374.80,354.45,372.35,366.073552349385845193,41032,2634,15020730.00,27769,67.68,20.35,17.90
7-June-2024,353.95,370.00,351.00,354.50,359.215953921413918257,25348,1381,9105406.00,10831,42.73,19.00,0.55
6-June-2024,335.00,354.40,329.80,351.35,344.625190571127008326,25581,1749,8815857.00,11447,44.75,24.60,16.35
5-June-2024,290.00,331.10,289.80,325.45,309.789349703761867370,28018,1528,8679678.00,14147,50.49,41.30,35.45
4-June-2024,318.00,318.00,282.40,285.50,295.884944920440636474,18791,1124,5559974.00,12375,65.86,35.60,-32.50
3-June-2024,321.90,325.00,315.90,321.60,320.367186412362522622,14366,930,4602395.00,10479,72.94,9.10,-0.30
31-May-2024,317.75,320.55,312.75,317.50,317.323521395475606432,3669,374,1164260.00,2470,67.32,7.80,-0.25
30-May-2024,303.35,323.05,303.35,318.35,315.849112978524743230,5355,353,1691372.00,1979,36.96,19.70,15.00
29-May-2024,301.10,314.25,301.10,309.45,309.829148202855736090,2031,258,629263.00,614,30.23,13.15,8.35
28-May-2024,324.00,324.00,310.00,312.90,315.734925535779150018,11012,711,3476873.00,6318,57.37,14.00,-11.10
27-May-2024,311.75,332.30,311.75,320.20,325.795266911119609475,44453,1996,14482577.00,25374,57.08,20.55,8.45
24-May-2024,316.00,322.95,305.65,310.55,316.977989728539985326,5452,413,1728164.00,1699,31.16,17.30,-5.45
23-May-2024,322.55,324.30,316.00,317.90,320.216942148760330578,3388,267,1084895.00,2150,63.46,8.30,-4.65
22-May-2024,305.00,324.80,305.00,322.50,317.467782917453905791,15349,997,4872813.00,9142,59.56,19.80,17.50
21-May-2024,310.40,312.35,298.95,302.05,305.972297664312873438,1841,225,563295.00,995,54.05,13.40,-8.35
18-May-2024,312.90,316.00,310.00,310.40,311.841830065359477124,765,65,238559.00,600,78.43,6.00,-2.50
17-May-2024,296.75,314.20,290.75,309.85,300.837130677642216669,6803,668,2046595.00,2663,39.14,23.45,13.10
16-May-2024,294.10,298.50,294.10,295.70,296.622529644268774703,5060,274,1500910.00,3426,67.71,4.40,1.60
15-May-2024,297.75,299.35,292.50,294.20,296.678030303030303030,1056,149,313292.00,555,52.56,6.85,-3.55
14-May-2024,299.00,299.00,287.15,295.40,291.475787855495772482,1301,155,379210.00,543,41.74,11.85,-3.60
13-May-2024,299.50,299.50,282.70,289.05,286.672268907563025210,1904,167,545824.00,895,47.01,16.80,-10.45
10-May-2024,284.95,297.70,284.10,290.20,290.375749785775492716,4668,518,1355474.00,1971,42.22,13.60,5.25
9-May-2024,293.05,294.15,281.00,282.10,286.398039987749923437,22857,1525,6546200.00,12286,53.75,13.15,-10.95
8-May-2024,302.50,303.15,291.00,297.45,299.686398649361612324,9477,698,2840128.00,5179,54.65,12.15,-5.05
7-May-2024,308.05,315.05,301.20,302.50,308.175474814203137902,4844,421,1492802.00,1412,29.15,13.85,-5.55
6-May-2024,305.30,311.60,305.30,310.30,307.844221105527638190,2189,159,673871.00,1327,60.62,6.30,5.00
3-May-2024,311.65,311.65,301.50,305.15,305.100054229934924078,7376,410,2250418.00,2795,37.89,10.15,-6.50
2-May-2024,308.10,322.00,305.55,307.65,311.313953488372093023,11094,672,3453717.00,6749,60.83,16.45,-0.45
30-April-2024,310.75,311.95,306.15,308.15,308.788316946211683053,1729,142,533895.00,644,37.25,5.80,-2.60
29-April-2024,313.00,315.90,307.10,308.20,312.118699780861943024,8214,576,2563743.00,5148,62.67,8.80,-4.80
26-April-2024,308.15,316.60,307.70,310.45,312.853633572159672466,14655,655,4584870.00,8366,57.09,8.90,2.30
25-April-2024,306.95,311.45,305.30,308.10,309.206305858987090367,4028,307,1245483.00,2381,59.11,6.15,1.15
24-April-2024,305.10,310.05,304.45,305.05,307.002804175105156566,6419,247,1970651.00,3949,61.52,5.60,-0.05
23-April-2024,299.50,306.85,298.15,305.10,301.550715990453460620,10056,587,3032394.00,5817,57.85,8.70,5.60
22-April-2024,304.05,306.20,297.40,298.45,301.543209876543209876,1944,193,586200.00,1179,60.65,8.80,-5.60
19-April-2024,299.10,310.40,297.65,300.55,305.061594202898550724,3036,255,926167.00,1676,55.20,12.75,1.45
18-April-2024,309.05,311.85,299.10,300.15,305.708985985160758450,8491,391,2595775.00,6520,76.79,12.75,-8.90
16-April-2024,296.05,311.20,296.05,310.00,308.757096069868995633,3664,253,1131286.00,2178,59.44,15.15,13.95
15-April-2024,305.05,313.15,299.75,306.05,306.277452244228290167,17066,902,5226931.00,10267,60.16,13.40,1.00
12-April-2024,312.05,317.20,309.00,310.50,311.717301922435826202,8999,859,2805144.00,6447,71.64,8.20,-1.55
10-April-2024,321.75,326.85,314.90,318.15,321.022571428571428571,3500,235,1123579.00,1447,41.34,11.95,-3.60
9-April-2024,328.50,328.50,320.45,321.60,322.836282051282051282,7800,419,2518123.00,6252,80.15,8.05,-6.90
8-April-2024,332.50,333.90,325.00,326.50,328.851645287228109313,7172,483,2358524.00,4440,61.91,8.90,-6.00
5-April-2024,331.10,335.50,328.60,332.40,331.792488380856676296,7961,439,2641400.00,3982,50.02,6.90,1.30
4-April-2024,331.00,334.80,328.55,330.95,331.985216240070609002,4532,298,1504557.00,2153,47.51,6.25,-0.05
3-April-2024,317.50,331.90,315.05,330.50,326.341242937853107344,38055,2137,12418916.00,34388,90.36,16.85,13.00
2-April-2024,316.55,321.85,316.00,318.85,317.992001333111148141,6001,340,1908270.00,2732,45.53,5.85,2.30
1-April-2024,323.45,323.45,312.20,320.70,319.134150572452873829,17294,606,5519106.00,11884,68.72,11.25,-2.75
28-March-2024,310.05,321.50,306.35,318.40,312.581183237469186524,24340,1292,7608226.00,16958,69.67,15.15,8.35
27-March-2024,304.05,313.00,298.25,308.85,305.157111111111111111,13500,588,4119621.00,8610,63.78,14.75,4.80
26-March-2024,299.95,304.65,296.40,303.85,300.775878220140515222,4270,185,1284313.00,2363,55.34,8.25,3.90
22-March-2024,303.00,308.45,296.00,299.90,302.818018422826331161,8902,410,2695686.00,3465,38.92,12.45,-3.10
21-March-2024,291.70,308.95,291.70,301.45,303.870468242929995363,10785,446,3277243.00,6697,62.10,17.25,9.75
20-March-2024,291.00,297.00,285.20,292.50,289.239545489680760609,12937,604,3741892.00,9102,70.36,11.80,1.50
19-March-2024,275.05,293.60,275.00,291.75,285.880055374270740630,10113,620,2891105.00,5389,53.29,18.60,16.70
18-March-2024,271.20,282.55,265.00,276.70,272.157050628610261637,29430,1073,8009582.00,21551,73.23,17.55,5.50
15-March-2024,262.00,277.15,259.30,271.20,267.180098500111931945,17868,724,4773974.00,10039,56.18,17.85,9.20
14-March-2024,250.50,274.10,250.45,267.45,265.760724331926863572,22752,991,6046588.00,11303,49.68,23.65,16.95
13-March-2024,268.00,272.25,247.95,250.50,251.211939234139979169,213146,513,53544820.00,207550,97.37,24.30,-17.50
12-March-2024,267.25,275.40,260.20,262.35,265.337499354438878272,19363,757,5137730.00,12793,66.07,15.20,-4.90
11-March-2024,280.15,284.75,272.55,274.15,280.401256732495511669,12254,411,3436037.00,8901,72.64,12.20,-6.00
7-March-2024,283.05,288.00,280.90,285.50,284.514859487689629445,32168,871,9152274.00,23472,72.97,7.10,2.45
6-March-2024,291.20,291.20,284.40,288.35,287.422497646689676812,12748,308,3664062.00,11221,88.02,6.80,-2.85
5-March-2024,295.00,296.95,288.40,289.90,292.327727499465545499,14033,702,4102235.00,9436,67.24,8.55,-5.10
4-March-2024,300.15,304.05,294.00,295.10,297.559418294466913346,11621,592,3457938.00,6703,57.68,10.05,-5.05
2-March-2024,302.00,313.00,301.00,302.05,302.904223227752639517,1326,212,401651.00,1093,82.43,12.00,0.05
1-March-2024,304.90,305.90,298.00,301.80,301.527527366387636831,12424,543,3746178.00,7529,60.60,7.90,-3.10
29-February-2024,301.00,302.55,296.15,299.20,299.103281334050564819,1859,129,556033.00,949,51.05,6.40,-1.80
28-February-2024,306.05,310.95,300.00,300.65,304.995070491964901902,10143,542,3093565.00,7203,71.01,10.95,-5.40
27-February-2024,319.05,319.45,306.00,308.95,311.460634547591069330,9361,502,2915583.00,5274,56.34,13.45,-10.10
26-February-2024,313.75,324.00,306.05,313.80,317.804236419542193372,8781,470,2790639.00,5520,62.86,17.95,0.05
23-February-2024,310.75,312.50,306.25,309.15,309.171704957678355501,1654,96,511370.00,865,52.30,6.25,-1.60
22-February-2024,305.00,307.45,304.10,306.10,305.893948472139005392,1669,86,510537.00,841,50.39,3.35,1.10
21-February-2024,313.70,313.70,305.20,306.15,308.046255129958960328,11696,395,3602909.00,7453,63.72,8.50,-7.55
20-February-2024,311.60,312.85,305.00,308.60,308.091134224863793957,4038,132,1244072.00,1952,48.34,7.85,-3.00
19-February-2024,319.85,319.85,305.80,309.00,309.287614478848669864,4586,176,1418393.00,2154,46.97,14.05,-10.85
16-February-2024,294.05,312.30,293.15,307.30,304.804221251819505094,17862,926,5444413.00,10370,58.06,19.15,13.25
15-February-2024,295.10,303.10,292.60,294.60,300.999444829979181124,7205,273,2168701.00,5792,80.39,10.50,-0.50
14-February-2024,289.80,297.90,287.75,294.60,293.126831501831501831,2184,159,640189.00,1417,64.88,10.15,4.80
13-February-2024,300.05,310.05,288.30,292.45,297.065635534404124529,10086,556,2996204.00,5067,50.24,21.75,-7.60
12-February-2024,327.95,327.95,312.00,312.45,315.183035714285714285,2688,197,847212.00,1709,63.58,15.95,-15.50
9-February-2024,321.15,322.95,316.30,318.45,319.365232358003442340,2905,204,927756.00,1746,60.10,6.65,-2.70
8-February-2024,323.00,323.50,313.15,321.15,319.641364529380246472,11198,482,3579344.00,7103,63.43,10.35,-1.85
7-February-2024,317.40,317.45,309.60,314.80,313.417488591196820256,6793,438,2129045.00,3715,54.69,7.85,-2.60
6-February-2024,315.00,317.65,310.50,311.80,313.229101549511205692,15037,663,4710026.00,10478,69.68,7.15,-3.20
5-February-2024,320.00,321.60,314.10,315.45,317.307862068965517241,3625,298,1150241.00,2622,72.33,7.50,-4.55
2-February-2024,321.95,327.75,317.90,321.60,322.105206073752711496,16596,863,5345658.00,10792,65.03,9.85,-0.35
1-February-2024,315.25,325.00,315.25,318.10,319.446784219205886083,7883,565,2518199.00,5632,71.44,9.75,2.85
31-January-2024,315.25,325.00,314.00,323.45,319.316317152644331188,23938,1151,7643794.00,14448,60.36,11.00,8.20
30-January-2024,322.35,322.85,310.10,314.20,317.216730214823770110,21506,1071,6822063.00,14344,66.70,12.75,-8.15
29-January-2024,321.00,324.50,318.50,320.80,320.872982764299044900,9109,542,2922832.00,5211,57.21,6.00,-0.20
25-January-2024,318.05,329.40,318.05,323.95,323.957122093023255813,16512,605,5349180.00,11860,71.83,11.35,5.90
24-January-2024,323.60,326.35,319.50,321.70,322.943869811060543373,7251,371,2341666.00,5666,78.14,6.85,-1.90
23-January-2024,337.00,337.00,323.15,324.75,329.502395094845755891,5219,315,1719673.00,2150,41.20,13.85,-12.25
20-January-2024,324.10,335.00,321.55,331.10,327.614903620122237893,21270,909,6968369.00,12008,56.46,13.45,7.00
19-January-2024,333.95,333.95,323.70,328.90,327.528481227510353723,14729,794,4824167.00,5586,37.93,10.25,-5.05
18-January-2024,327.05,330.85,323.55,327.00,326.897546070848849422,10473,710,3423598.00,5385,51.42,7.30,-0.05
17-January-2024,329.00,331.25,325.25,328.50,328.317996582095438411,7607,489,2497515.00,3075,40.42,6.00,-0.50
16-January-2024,334.35,334.35,324.35,329.45,328.210579092504387064,11967,617,3927696.00,7203,60.19,10.00,-4.90
15-January-2024,332.20,338.05,326.45,327.80,330.139178648623249694,10641,838,3513011.00,5978,56.18,11.60,-4.40
12-January-2024,337.95,337.95,328.00,335.10,332.348112320300953916,7443,552,2473667.00,3755,50.45,9.95,-2.85
11-January-2024,327.15,334.90,327.15,328.80,329.807872730981032021,9806,524,3234096.00,6340,64.65,7.75,1.65
10-January-2024,334.95,335.05,326.45,329.45,330.833889617356061509,16778,893,5550731.00,8846,52.72,8.60,-5.50
9-January-2024,340.00,340.00,330.00,332.15,334.255491787057193746,5053,388,1688993.00,2512,49.71,10.00,-7.85
8-January-2024,341.05,341.20,334.00,335.75,337.698430748237434614,17588,898,5939440.00,7059,40.14,7.20,-5.30
5-January-2024,346.00,347.35,338.00,341.45,342.117103016505406943,7028,502,2404399.00,3185,45.32,9.35,-4.55
4-January-2024,354.90,354.90,341.45,343.20,344.678204500978473581,24528,1107,8454267.00,16627,67.79,13.45,-11.70
3-January-2024,352.75,355.50,347.20,352.10,351.888294639601312750,8227,478,2894985.00,4027,48.95,8.30,-0.65
2-January-2024,349.80,354.80,341.70,349.10,348.297919593890223451,22063,1040,7684497.00,10088,45.72,13.10,-0.70
1-January-2024,355.60,361.50,346.85,348.25,352.208685071108069054,13149,518,4631192.00,8803,66.95,14.65,-7.35
29-December-2023,358.00,360.00,349.50,355.55,353.905799947630269704,15276,923,5406265.00,6822,44.66,10.50,-2.45
28-December-2023,352.40,359.20,348.40,357.85,354.145745675549322113,8556,700,3030071.00,2655,31.03,10.80,5.45
27-December-2023,359.75,371.00,354.65,357.30,363.953604527499240352,52656,2367,19164341.00,27109,51.48,16.35,-2.45
26-December-2023,349.45,356.20,340.55,352.80,348.197735821759259259,27648,1701,9626971.00,14843,53.69,15.65,3.35
22-December-2023,357.00,357.00,340.30,342.60,346.532823573293547183,5362,434,1858109.00,2530,47.18,16.70,-14.40
21-December-2023,330.75,354.00,330.15,347.75,340.358838361881575515,11501,602,3914467.00,4709,40.94,23.85,17.00
20-December-2023,367.50,367.50,331.10,333.20,347.420137366652053193,20529,1132,7132188.00,7987,38.91,36.40,-34.30
19-December-2023,338.95,357.90,334.95,353.15,350.379892689257846504,63181,2448,22137352.00,41934,66.37,22.95,14.20
18-December-2023,331.55,354.40,331.50,338.95,342.444628411940016084,21139,1176,7238937.00,11919,56.38,22.90,7.40
15-December-2023,330.45,333.45,325.95,328.75,329.071025440652947816,23034,1112,7579822.00,12552,54.49,7.50,-1.70
14-December-2023,320.35,328.00,315.10,324.90,321.334133713513919111,13327,716,4282420.00,9120,68.43,12.90,4.55
13-December-2023,310.60,321.05,310.00,320.15,314.696310843035488848,7129,271,2243470.00,3742,52.49,11.05,9.55
12-December-2023,316.00,317.00,309.55,311.35,313.065758109648668255,19298,777,6041543.00,12890,66.79,7.45,-4.65
11-December-2023,310.50,316.80,310.50,314.85,313.495900953655680107,11954,547,3747530.00,7711,64.51,6.30,4.35
8-December-2023,310.35,315.50,310.05,312.95,313.437883496692963582,12549,598,3933332.00,8084,64.42,5.45,2.60
7-December-2023,313.70,316.05,307.05,309.10,313.187827975149285240,16579,446,5192341.00,12247,73.87,9.00,-4.60
6-December-2023,310.95,317.50,310.95,313.70,314.711765563493220586,6859,384,2158608.00,3200,46.65,6.55,2.75
5-December-2023,314.05,317.00,310.00,312.15,313.375036075036075036,6930,339,2171689.00,4793,69.16,7.00,-1.90
4-December-2023,329.95,329.95,311.90,313.80,314.953174410119192410,8222,382,2589545.00,5850,71.15,18.05,-16.15
1-December-2023,316.95,318.25,312.05,315.65,315.443818786792935756,7814,397,2464878.00,4967,63.57,6.20,-1.30
30-November-2023,315.35,315.40,311.00,313.10,313.264775846294602012,5465,373,1711992.00,3424,62.65,4.40,-2.25
29-November-2023,316.05,319.40,312.50,314.00,314.275591547513602429,7903,508,2483720.00,4887,61.84,6.90,-2.05
28-November-2023,316.15,318.60,313.35,316.00,315.925394115875087860,9959,646,3146301.00,5767,57.91,5.25,-0.15
24-November-2023,324.05,325.80,315.90,316.35,320.338783168051460734,3731,341,1195184.00,2062,55.27,9.90,-7.70
23-November-2023,317.20,327.35,315.85,321.90,322.502017085904129093,8428,366,2718047.00,4258,50.52,11.50,4.70
22-November-2023,315.25,321.30,314.70,316.15,317.112786002691790040,3715,262,1178074.00,1537,41.37,6.60,0.90
21-November-2023,321.70,321.70,315.05,316.50,316.856473513100019124,10458,584,3313685.00,6678,63.86,6.65,-5.20
20-November-2023,320.90,321.00,313.60,319.05,317.013984203029910656,7723,469,2448299.00,3555,46.03,7.40,-1.85
17-November-2023,317.75,317.75,311.35,314.65,314.005813064096680434,13074,729,4105312.00,6391,48.88,6.40,-3.10
16-November-2023,322.60,322.60,312.95,313.75,314.675633958103638368,4535,271,1427054.00,3518,77.57,9.65,-8.85
15-November-2023,323.50,323.50,312.30,315.50,315.199291722000885347,11295,700,3560176.00,7888,69.84,11.20,-8.00
13-November-2023,316.05,321.00,312.00,318.25,316.919054297735924664,9982,645,3163486.00,5574,55.84,9.00,2.20
12-November-2023,322.00,325.00,317.00,320.75,320.800773694390715667,12925,613,4146350.00,9924,76.78,8.00,-1.25
10-November-2023,324.95,326.00,311.25,313.65,315.580980786571408753,14417,1151,4549731.00,8796,61.01,14.75,-11.30
9-November-2023,313.75,324.40,309.00,322.40,319.063372820957334103,41532,2517,13251340.00,20644,49.71,15.40,8.65
8-November-2023,321.00,337.25,321.00,330.45,332.873867497168742921,7064,503,2351421.00,3358,47.54,16.25,9.45
7-November-2023,327.00,331.50,323.35,326.70,327.527751196172248803,8360,593,2738132.00,5622,67.25,8.15,-0.30
6-November-2023,327.00,333.75,325.40,328.45,329.530938833570412517,8436,556,2779923.00,5285,62.65,8.35,1.45
3-November-2023,329.95,330.00,323.80,325.25,326.342924714229404808,2537,170,827932.00,1555,61.29,6.20,-4.70
2-November-2023,327.30,329.50,325.90,327.75,327.400861225288706204,5109,356,1672691.00,3789,74.16,3.60,0.45
1-November-2023,326.30,330.75,322.00,323.30,327.055018587360594795,4035,485,1319667.00,2907,72.04,8.75,-3.00
31-October-2023,325.95,331.65,325.00,326.60,328.483995496220041820,6217,589,2042185.00,4411,70.95,6.65,0.65
30-October-2023,331.95,334.25,319.55,324.10,324.131138470051182736,7229,445,2343144.00,4591,63.51,14.70,-7.85
27-October-2023,321.05,333.00,319.25,327.70,327.626843926425059187,5491,434,1798999.00,2777,50.57,13.75,6.65
26-October-2023,312.35,324.35,302.80,319.05,312.586184588844163312,13912,1094,4348699.00,9344,67.16,21.55,6.70
25-October-2023,315.60,321.95,310.75,313.95,313.938611589213998852,6972,446,2188780.00,4074,58.43,11.20,-1.65
23-October-2023,331.45,340.65,310.00,315.35,325.966197443971105760,21596,1554,7039566.00,13442,62.24,30.65,-16.10
20-October-2023,342.25,348.50,331.00,335.50,338.814573137574768896,5517,503,1869240.00,2596,47.05,17.50,-6.75
19-October-2023,339.40,342.80,335.00,341.55,338.508450704225352112,9940,608,3364774.00,7284,73.28,7.80,2.15
18-October-2023,342.45,344.95,335.55,341.75,340.474720128777346893,13667,846,4653268.00,7833,57.31,9.40,-0.70
17-October-2023,333.70,342.75,332.90,337.05,337.650562087016218999,23306,1506,7869284.00,12090,51.88,9.85,3.35
16-October-2023,326.05,335.05,326.05,330.50,331.370382732532265242,8988,642,2978357.00,5663,63.01,9.00,4.45
13-October-2023,328.00,335.85,328.00,333.30,332.536075949367088607,3160,203,1050814.00,1872,59.24,7.85,5.30
12-October-2023,331.15,335.05,329.25,332.05,332.244352736750651607,9208,475,3059306.00,5807,63.06,5.80,0.90
11-October-2023,329.95,343.00,329.95,331.40,336.000568407889501506,17593,925,5911258.00,7951,45.19,13.05,1.45
10-October-2023,337.90,337.90,324.10,327.15,328.654135338345864661,5187,400,1704729.00,3495,67.38,13.80,-10.75
9-October-2023,310.05,334.00,310.05,329.00,324.494798041615667074,9804,701,3181347.00,6204,63.28,23.95,18.95
6-October-2023,333.55,333.55,328.80,331.05,331.148084373654756780,4646,398,1538514.00,2634,56.69,4.75,-2.50
5-October-2023,339.95,339.95,331.00,334.75,335.141226568330479827,22779,1658,7634182.00,15725,69.03,8.95,-5.20
4-October-2023,326.55,336.00,326.55,333.70,330.414898224339540926,13854,870,4577568.00,9313,67.22,9.45,7.15
3-October-2023,334.00,334.20,327.95,330.50,331.191578720654749084,9286,759,3075445.00,6837,73.63,6.25,-3.50
29-September-2023,330.10,338.00,327.75,333.95,334.176656151419558359,19654,870,6567908.00,11960,60.85,10.25,3.85
28-September-2023,334.60,337.50,325.25,327.75,331.998517908604363935,12145,812,4032122.00,4833,39.79,12.25,-6.85
27-September-2023,329.95,333.25,325.80,329.15,328.582800762417311357,8919,505,2930630.00,5271,59.10,7.45,-0.80
26-September-2023,328.90,337.50,325.30,327.55,332.262717027109351203,6566,499,2181637.00,1897,28.89,12.20,-1.35
25-September-2023,327.05,339.40,322.05,327.10,329.219579528562327458,18836,864,6201180.00,9171,48.69,17.35,0.05
22-September-2023,336.55,336.55,327.00,328.55,330.336578581363004172,2876,387,950048.00,1274,44.30,9.55,-8.00
21-September-2023,337.75,338.60,328.85,333.55,332.088702672321291707,19571,1004,6499308.00,9219,47.11,9.75,-4.20
20-September-2023,336.50,339.05,332.00,337.70,335.938110500610500610,13104,662,4402133.00,7909,60.36,7.05,1.20
18-September-2023,349.90,349.90,333.70,334.95,339.579151829070896730,12356,825,4195840.00,6317,51.12,16.20,-14.95
15-September-2023,359.95,359.95,342.85,345.00,348.495742531389810939,6929,368,2414727.00,3730,53.83,17.10,-14.95
14-September-2023,342.90,354.60,342.90,352.70,349.935296800677656871,15347,741,5370457.00,9578,62.41,11.70,9.80
13-September-2023,337.80,346.50,329.35,343.25,337.753710506980161645,27220,888,9193656.00,8116,29.82,17.15,5.45
12-September-2023,352.10,358.05,332.85,337.80,344.585453030435926673,45604,1498,15714475.00,24057,52.75,25.20,-14.30
11-September-2023,368.95,368.95,354.00,358.95,359.308444329496961075,38665,1292,13892661.00,25339,65.53,14.95,-10.00
8-September-2023,363.45,370.05,357.95,367.15,364.693422844911461373,20556,748,7496638.00,12556,61.08,12.10,3.70
7-September-2023,357.85,368.40,354.60,356.30,361.396260946907498631,58464,2761,21128671.00,32571,55.71,13.80,-1.55
6-September-2023,338.60,358.75,335.65,354.85,348.265192030031764366,86575,3472,30151059.00,39518,45.65,23.10,16.25
5-September-2023,347.95,347.95,333.90,336.00,337.959759128273752628,20924,907,7071470.00,12561,60.03,14.05,-11.95
4-September-2023,335.10,339.00,331.50,332.90,335.319850850028439613,15823,689,5305766.00,6483,40.97,7.50,-2.20
1-September-2023,329.95,332.75,323.65,328.90,329.486070165094339622,13568,739,4470467.00,8102,59.71,9.10,-1.05
31-August-2023,332.00,334.40,324.05,326.80,327.974764179835844664,16326,910,5354516.00,9634,59.01,10.35,-5.20
30-August-2023,336.75,336.75,325.25,333.05,329.303392078832670077,10554,614,3475468.00,5171,49.00,11.50,-3.70
29-August-2023,311.05,337.20,309.95,330.65,328.008695115934879131,32432,1296,10637978.00,14231,43.88,27.25,19.60
28-August-2023,311.00,317.90,306.30,308.55,311.721943644657241758,30911,1101,9635637.00,17484,56.56,11.60,-2.45
25-August-2023,316.85,319.60,309.50,311.70,316.006176999101527403,8904,415,2813719.00,6779,76.13,10.10,-5.15
24-August-2023,317.75,319.60,313.20,314.10,316.331551695339903123,11974,564,3787754.00,5833,48.71,6.40,-3.65
23-August-2023,318.75,318.85,312.65,313.80,316.640204622963243652,5278,368,1671227.00,2883,54.62,6.20,-4.95
22-August-2023,312.40,322.15,308.35,311.80,316.944902788436940393,31272,1137,9911501.00,15899,50.84,13.80,-0.60
21-August-2023,318.55,322.90,312.00,316.80,317.732232325106698830,5389,378,1712259.00,3748,69.55,10.90,-1.75
18-August-2023,320.00,325.70,316.60,317.80,320.489682842949942682,5234,410,1677443.00,1996,38.14,9.10,-2.20
17-August-2023,330.05,335.05,321.00,324.40,328.402588470676503688,15994,1145,5252471.00,8782,54.91,14.05,-5.65
16-August-2023,308.15,334.15,308.15,331.85,324.606107745210414278,24428,1413,7929478.00,13477,55.17,26.00,23.70
14-August-2023,321.00,327.00,303.65,321.50,317.406169049218075410,41692,1678,13233298.00,22351,53.61,23.35,0.50
11-August-2023,338.05,342.00,330.95,335.90,335.237025147137506688,11214,450,3759348.00,6489,57.87,11.05,-2.15
10-August-2023,345.80,347.70,332.50,340.00,340.308879573170731707,20992,1196,7143764.00,11768,56.06,15.20,-5.80
9-August-2023,342.05,351.35,341.75,345.80,346.156886227544910179,5010,287,1734246.00,3906,77.96,9.60,3.75
8-August-2023,343.20,352.35,343.20,348.15,347.217734657039711191,8864,500,3077738.00,4597,51.86,9.15,4.95
7-August-2023,353.55,355.00,342.05,345.10,348.035619174434087882,15020,968,5227495.00,8794,58.55,12.95,-8.45
4-August-2023,349.05,359.65,349.00,353.55,352.285957558291852239,7634,493,2689351.00,4318,56.56,10.65,4.50
3-August-2023,358.70,360.10,351.00,354.25,355.098652033878086603,25149,1039,8930376.00,16559,65.84,9.10,-4.45
2-August-2023,361.25,367.00,354.00,361.10,362.136290890467959797,31242,1269,11313862.00,17797,56.96,13.00,-0.15
1-August-2023,372.50,377.30,355.35,360.20,364.192841551463592097,35734,1795,13014067.00,18453,51.64,21.95,-12.30
31-July-2023,381.40,385.30,366.40,370.40,376.295262816353017521,10787,574,4059097.00,5790,53.68,18.90,-11.00
28-July-2023,374.00,379.00,367.70,378.25,374.180338789493719071,10508,559,3931887.00,4125,39.26,11.30,4.25
27-July-2023,373.75,379.65,366.00,371.70,372.738961854572263331,36623,1585,13650819.00,23167,63.26,13.65,-2.05
26-July-2023,374.95,375.25,362.25,370.05,369.301876065946560545,21108,1123,7795224.00,12783,60.56,13.00,-4.90
25-July-2023,353.85,369.75,353.85,367.70,361.669500138593735563,10823,645,3914349.00,6499,60.05,15.90,13.85
24-July-2023,348.95,358.35,347.60,350.60,353.315571507454445057,3622,281,1279709.00,1763,48.67,10.75,1.65
21-July-2023,349.40,354.60,343.55,348.50,350.046514380400047342,16898,692,5915086.00,13070,77.35,11.05,-0.90
20-July-2023,351.45,356.35,346.50,348.25,349.791484397783610382,3429,331,1199435.00,1342,39.14,9.85,-3.20
19-July-2023,345.20,356.65,342.65,351.45,349.753681392235609103,12699,893,4441522.00,5466,43.04,14.00,6.25
18-July-2023,365.85,365.85,345.00,349.85,354.957632303456714591,6538,499,2320713.00,2123,32.47,20.85,-16.00
17-July-2023,356.95,364.50,352.30,359.85,359.756371635815926116,50458,2391,18152587.00,20962,41.54,12.20,2.90
14-July-2023,362.00,362.05,347.80,349.65,354.187624007936507936,8064,620,2856169.00,3545,43.96,14.25,-12.35
13-July-2023,339.95,359.55,337.85,354.55,349.316961479752177426,11137,583,3890343.00,5316,47.73,21.70,14.60
12-July-2023,325.10,339.00,325.10,336.10,333.834911105980143154,8662,572,2891678.00,4277,49.38,13.90,11.00
11-July-2023,332.00,344.35,324.75,330.50,335.832566202403012732,16729,994,5618143.00,8336,49.83,19.60,-1.50
10-July-2023,339.95,340.55,331.15,335.10,335.793320878094348435,8564,514,2875734.00,5344,62.40,9.40,-4.85
7-July-2023,342.85,353.25,333.50,337.10,343.711833385926159671,15845,1177,5446114.00,9632,60.79,19.75,-5.75
6-July-2023,352.10,356.00,348.00,348.60,352.176195711929631665,10914,784,3843651.00,6086,55.76,8.00,-3.50
5-July-2023,364.90,364.90,351.65,352.55,356.311330782312925170,9408,562,3352177.00,5663,60.19,13.25,-12.35
4-July-2023,364.95,366.95,356.85,360.80,362.116876349289064244,13433,1020,4864316.00,6790,50.55,10.10,-4.15
3-July-2023,358.80,367.15,355.00,360.70,361.398087480077917478,28235,1330,10204075.00,14221,50.37,12.15,1.90
30-June-2023,355.50,359.00,342.55,357.15,352.559760066364622551,31342,1706,11049928.00,15944,50.87,16.45,1.65
28-June-2023,346.25,354.55,345.20,349.70,349.554175971415810629,11195,689,3913259.00,4852,43.34,9.35,3.45
27-June-2023,330.10,351.90,329.55,344.05,343.065064915684226234,26804,1478,9195516.00,12336,46.02,22.35,13.95
26-June-2023,325.55,342.70,325.55,335.85,337.334623123355517721,6461,617,2179519.00,3149,48.74,17.15,10.30
23-June-2023,336.05,342.55,333.50,338.25,338.554678247137781287,5066,403,1715118.00,2165,42.74,9.05,2.20
22-June-2023,342.00,347.50,336.30,339.95,340.307416879795396419,11730,599,3991806.00,6187,52.74,11.20,-2.05
21-June-2023,350.00,356.30,339.45,340.95,347.203636888439890316,6929,534,2405774.00,4167,60.14,16.85,-9.05
20-June-2023,362.00,365.05,347.35,350.00,355.696095076400679117,17081,1833,6075645.00,8577,50.21,17.70,-12.00
19-June-2023,366.80,372.00,358.55,360.55,362.420847007344897640,6399,407,2319131.00,2103,32.86,13.45,-6.25
16-June-2023,361.40,371.00,361.40,366.45,367.860711071107110711,13332,510,4904319.00,9128,68.47,9.60,5.05
15-June-2023,363.30,371.80,359.20,361.05,366.826641864310442825,19353,1249,7099196.00,5540,28.63,12.60,-2.25
14-June-2023,367.90,369.00,358.05,363.35,363.163015224656516895,13465,864,4889990.00,6458,47.96,10.95,-4.55
13-June-2023,362.35,377.05,362.35,366.40,371.736771519141672762,16404,954,6097970.00,9614,58.61,14.70,4.05
12-June-2023,372.20,372.20,365.45,369.80,368.140558986025349366,6154,394,2265537.00,3713,60.33,6.75,-2.40
9-June-2023,364.60,370.45,362.20,367.05,366.256428319830926382,5678,478,2079604.00,2226,39.20,8.25,2.45
8-June-2023,370.90,372.65,360.00,361.75,365.612152108018737944,14516,730,5307226.00,6080,41.88,12.65,-9.15
7-June-2023,367.35,374.00,366.25,370.85,370.475051376900945334,12165,584,4506829.00,7519,61.81,7.75,3.50
6-June-2023,366.15,371.90,360.90,364.45,365.593108788230739450,23247,1321,8498943.00,9910,42.63,11.00,-1.70
5-June-2023,338.05,376.45,338.05,366.65,360.926638655462184873,83300,4635,30065189.00,49631,59.58,38.40,28.60
2-June-2023,328.00,340.00,326.80,336.00,332.204703684836135167,11778,707,3912707.00,6218,52.79,13.20,8.00
1-June-2023,320.30,328.25,318.25,326.30,323.072671156004489337,14256,816,4605724.00,8287,58.13,10.00,6.00
31-May-2023,328.85,328.85,321.30,324.65,323.826595744680851063,2820,188,913191.00,1700,60.28,7.55,-4.20
30-May-2023,333.90,333.90,321.00,327.20,325.432336182336182336,5616,312,1827628.00,2760,49.15,12.90,-6.70
29-May-2023,330.00,333.55,323.00,326.95,326.801737756714060031,20256,777,6619696.00,14334,70.76,10.55,-3.05
26-May-2023,314.95,319.90,309.00,315.45,315.430076335877862595,19650,1391,6198201.00,11981,60.97,10.90,0.50
25-May-2023,301.50,316.20,295.55,311.85,306.503639388582718103,19234,921,5895291.00,11916,61.95,20.65,10.35
24-May-2023,302.00,302.00,287.15,293.20,293.671880134060590129,15217,749,4468805.00,10815,71.07,14.85,-8.80
23-May-2023,293.05,299.20,290.10,293.55,294.146751574127074985,13976,886,4110995.00,7342,52.53,9.10,0.50
22-May-2023,303.00,305.05,295.85,297.80,298.791863207547169811,5088,335,1520253.00,3321,65.27,9.20,-5.20
19-May-2023,297.15,305.50,297.15,301.75,303.051490514905149051,1476,116,447304.00,1139,77.17,8.35,4.60
18-May-2023,307.50,307.50,299.70,302.85,303.196162269266868286,9589,671,2907348.00,7450,77.69,7.80,-4.65
17-May-2023,308.05,308.05,301.40,304.30,303.477162629757785467,2890,158,877049.00,1904,65.88,6.65,-3.75
16-May-2023,304.05,307.45,300.40,301.00,303.718442447582370560,4674,421,1419580.00,2873,61.47,7.05,-3.05
15-May-2023,307.00,308.75,300.05,303.90,303.689110305958132045,9936,660,3017455.00,5153,51.86,8.70,-3.10
12-May-2023,311.45,313.45,302.30,302.95,309.328818151032847951,2953,331,913448.00,1839,62.28,11.15,-8.50
11-May-2023,311.15,313.95,309.50,311.20,311.907505412557132547,8314,568,2593199.00,5929,71.31,4.45,0.05
10-May-2023,316.05,316.05,307.35,309.15,310.892323369565217391,2944,298,915267.00,1689,57.37,8.70,-6.90
9-May-2023,318.00,319.55,312.75,314.00,315.025544802159457502,15189,680,4784923.00,12218,80.44,6.80,-4.00
8-May-2023,310.80,316.65,310.80,315.20,314.274775634905480236,5237,428,1645857.00,2803,53.52,5.85,4.40
5-May-2023,319.85,323.65,306.40,308.65,314.796136990748255153,6161,445,1939459.00,3439,55.82,17.25,-11.20
4-May-2023,326.70,328.00,311.65,319.10,318.643565561302099178,16435,929,5236907.00,7603,46.26,16.35,-7.60
3-May-2023,318.40,326.20,312.45,320.00,319.623074195200756530,50758,2090,16223428.00,25480,50.20,13.75,1.60
2-May-2023,307.65,321.65,305.20,318.45,314.233725410667207462,29586,1322,9296919.00,14281,48.27,16.45,10.80
28-April-2023,290.80,308.00,287.85,302.95,301.961265899454875832,33020,1832,9970761.00,11161,33.80,20.15,12.15
27-April-2023,292.25,292.40,285.80,286.90,287.575766311136734889,10407,651,2992801.00,7696,73.95,6.60,-5.35
26-April-2023,287.90,295.15,285.85,286.90,287.929253902782853861,19153,1540,5514709.00,11023,57.55,9.30,-1.00
25-April-2023,287.80,297.50,287.00,287.85,293.371541501976284584,23529,3051,6902739.00,7124,30.28,10.50,0.05
24-April-2023,288.95,293.00,286.65,289.20,290.084312930685042561,2467,252,715638.00,1597,64.73,6.35,0.25
21-April-2023,295.00,296.00,288.75,291.50,292.630220713073005093,2945,331,861796.00,1642,55.76,7.25,-3.50
20-April-2023,300.05,303.15,294.00,295.05,296.942766295707472178,11951,1288,3548763.00,6403,53.58,9.15,-5.00
19-April-2023,303.05,307.20,299.20,303.40,302.537113960628499187,5537,605,1675148.00,3732,67.40,8.00,0.35
18-April-2023,297.00,309.30,288.10,302.75,302.289721261978733645,22853,1929,6908227.00,11789,51.59,21.20,5.75
17-April-2023,286.30,298.30,285.00,297.65,291.379110977624267908,13318,1182,3880587.00,8152,61.21,13.30,11.35
13-April-2023,293.50,298.25,283.85,286.25,287.421521767213538302,7741,817,2224930.00,5734,74.07,14.40,-7.25
12-April-2023,302.55,302.55,294.00,296.10,298.622871046228710462,4932,419,1472808.00,3354,68.00,8.55,-6.45
11-April-2023,305.85,313.30,295.20,300.10,301.817145143543062918,9997,832,3017266.00,4924,49.25,18.10,-5.75
10-April-2023,292.40,305.35,290.35,305.35,300.294216496289035149,7141,602,2144401.00,4038,56.55,15.00,12.95
6-April-2023,297.90,297.90,287.55,290.85,291.228016359918200408,6846,777,1993747.00,4976,72.68,10.35,-7.05
5-April-2023,285.60,293.90,277.00,290.45,286.880567898558578086,18454,1566,5294094.00,13041,70.67,16.90,4.85
3-April-2023,272.25,284.15,271.20,284.15,280.951378594722798695,20238,921,5685894.00,16570,81.88,12.95,11.90
31-March-2023,272.55,274.35,262.30,270.65,267.597681687939567595,7678,596,2054615.00,3129,40.75,12.05,-1.90
29-March-2023,263.75,274.90,260.00,267.60,263.876082251082251082,7392,722,1950572.00,5512,74.57,14.90,3.85
28-March-2023,254.00,264.80,245.25,262.20,256.069206759229361747,9291,685,2379139.00,4841,52.10,19.55,8.20
27-March-2023,255.10,261.00,252.00,254.45,257.188175506406126977,13971,1172,3593176.00,8991,64.35,9.00,-0.65
24-March-2023,262.95,263.15,256.60,259.20,259.862819511106150239,8959,502,2328111.00,7945,88.68,6.55,-3.75
23-March-2023,263.15,268.65,259.90,262.00,262.242178635111039066,6169,418,1617772.00,5347,86.68,8.75,-1.15
22-March-2023,263.00,264.70,258.55,262.80,261.023647554259799157,3087,519,805780.00,1349,43.70,6.15,-0.20
21-March-2023,260.00,264.80,260.00,261.35,262.349006890960680989,2467,343,647215.00,1294,52.45,4.80,1.35
20-March-2023,269.00,269.00,259.10,260.85,263.369788106630211893,1463,257,385310.00,801,54.75,9.90,-8.15
17-March-2023,263.95,270.00,263.95,268.15,266.558787382220401474,2441,319,650670.00,1350,55.31,6.05,4.20
16-March-2023,261.80,267.95,260.05,261.60,262.625363020329138431,3099,225,813876.00,1495,48.24,7.90,-0.20
15-March-2023,266.00,267.15,261.00,261.50,263.541984732824427480,1965,296,517860.00,1091,55.52,6.15,-4.50
14-March-2023,266.95,274.85,256.65,261.70,261.294064010212455548,10967,757,2865612.00,7732,70.50,18.20,-5.25
13-March-2023,277.45,277.45,263.00,266.90,271.704093472570765536,37059,1344,10069082.00,21670,58.47,14.45,-10.55
10-March-2023,249.60,264.25,249.60,264.25,259.954768125408229915,6124,563,1591963.00,3823,62.43,14.65,14.65
9-March-2023,250.45,255.50,248.65,251.70,251.720658019614046187,3161,541,795689.00,1853,58.62,6.85,1.25
8-March-2023,251.85,253.50,249.00,250.60,251.414885317522234357,6409,655,1611318.00,3119,48.67,4.50,-1.25
6-March-2023,252.50,259.20,245.05,253.75,250.196831622255546583,26007,1880,6506869.00,13754,52.89,14.15,1.25
3-March-2023,258.45,261.00,245.20,252.50,251.340240611133982891,21861,2008,5494549.00,10998,50.31,15.80,-5.95
2-March-2023,270.00,270.50,255.90,257.00,261.103943814154511075,9255,905,2416517.00,5396,58.30,14.60,-13.00
1-March-2023,270.15,278.35,262.75,265.40,268.503939514524472741,12565,1387,3373752.00,8357,66.51,15.60,-4.75
28-February-2023,280.05,280.20,274.00,275.45,277.395888013998250218,2286,363,634127.00,1580,69.12,6.20,-4.60
27-February-2023,279.80,282.30,273.00,276.10,277.482503696402168555,2029,280,563012.00,949,46.77,9.30,-3.70
24-February-2023,290.00,290.00,273.65,278.75,278.752723671178606800,3029,521,844342.00,1384,45.69,16.35,-11.25
23-February-2023,292.10,295.10,277.05,278.65,281.333819323725677115,17833,730,5017026.00,11552,64.78,18.05,-13.45
22-February-2023,297.70,298.95,290.50,291.60,295.664801864801864801,2145,296,634201.00,1203,56.08,8.45,-6.10
21-February-2023,290.00,295.00,287.30,293.35,291.807901337792642140,9568,870,2792018.00,7201,75.26,7.70,3.35
20-February-2023,278.00,290.00,274.80,288.35,285.725921636749662227,10362,886,2960692.00,6348,61.26,15.20,10.35
17-February-2023,281.20,281.30,275.50,277.70,279.468172484599589322,1461,158,408303.00,770,52.70,5.80,-3.50
16-February-2023,285.40,286.50,278.45,282.05,282.278899082568807339,9265,727,2615314.00,5864,63.29,8.05,-3.35
15-February-2023,271.00,280.00,270.70,280.00,277.196111040040936420,7817,509,2166842.00,5301,67.81,9.30,9.00
14-February-2023,266.05,272.35,264.50,266.70,267.411349160393746381,8635,659,2309097.00,5426,62.84,7.85,0.65
13-February-2023,277.75,277.75,265.00,266.40,268.638418524060801764,12697,663,3410902.00,7379,58.12,12.75,-11.35
10-February-2023,260.15,267.50,260.00,264.55,262.982334259626836046,10076,1094,2649810.00,4682,46.47,7.50,4.40
9-February-2023,266.45,269.80,258.05,267.65,261.545931758530183727,8382,457,2192278.00,6456,77.02,11.75,1.20
8-February-2023,265.05,275.00,257.10,267.10,264.127063361506608429,17629,1287,4656296.00,10897,61.81,17.90,2.05
7-February-2023,280.60,281.35,266.40,270.45,270.294150626051205382,5351,424,1446344.00,3639,68.01,14.95,-10.15
6-February-2023,274.95,284.35,273.20,278.30,279.566072985427824137,8029,521,2244636.00,5833,72.65,11.15,3.35
3-February-2023,283.00,289.80,266.35,281.75,275.007067137809187279,18395,1791,5058755.00,9545,51.89,23.45,-1.25
2-February-2023,273.20,284.35,265.30,280.35,279.688351920693928128,3228,404,902834.00,1478,45.79,19.05,7.15
1-February-2023,283.05,287.00,268.30,275.45,279.873228092783505154,6208,680,1737453.00,4007,64.55,18.70,-7.60
31-January-2023,265.05,281.65,265.05,281.05,278.755298651252408477,2076,284,578696.00,1245,59.97,16.60,16.00
30-January-2023,267.35,279.55,266.00,268.25,273.245860927152317880,6040,719,1650405.00,3210,53.15,13.55,0.90
27-January-2023,280.75,283.75,270.10,277.20,277.476384641522256201,8829,810,2449839.00,6459,73.16,13.65,-3.55
25-January-2023,288.85,288.85,276.45,278.50,283.831655184596361066,11322,550,3213542.00,7950,70.22,12.40,-10.35
24-January-2023,270.10,282.70,270.00,281.05,279.852087982148549569,12548,1198,3511584.00,9401,74.92,12.70,10.95
23-January-2023,277.85,277.85,259.20,270.00,263.782395287958115183,15280,1023,4030595.00,10790,70.62,18.65,-7.85
20-January-2023,268.00,274.10,267.55,268.20,269.673185752330226364,12016,793,3240393.00,9849,81.97,6.55,0.20
19-January-2023,281.50,281.50,267.75,272.60,271.880220918191232309,5794,483,1575274.00,3325,57.39,13.75,-8.90
18-January-2023,273.90,286.75,273.00,275.90,280.445059899523380136,15526,1314,4354190.00,7617,49.06,13.75,2.00
17-January-2023,283.95,283.95,272.75,274.35,275.709831014844552329,10711,761,2953128.00,7077,66.07,11.20,-9.60
16-January-2023,303.00,303.00,287.05,287.05,288.729766560018959592,16878,816,4873181.00,14636,86.72,15.95,-15.95
13-January-2023,310.00,310.00,298.05,302.15,304.872716959727736812,17630,1339,5374906.00,10981,62.29,11.95,-7.85
12-January-2023,1515.00,1561.30,1502.45,1538.95,1525.789081885856079404,10478,1670,15987218.00,6296,60.09,58.85,23.95
11-January-2023,1500.05,1538.00,1485.70,1503.10,1507.414645744174988112,2103,584,3170093.00,1432,68.09,52.30,3.05
10-January-2023,1460.85,1505.50,1445.85,1498.55,1473.907109004739336492,1055,296,1554972.00,648,61.42,59.65,37.70
9-January-2023,1468.95,1474.80,1435.80,1453.30,1453.621480026195153896,1527,342,2219680.00,880,57.63,39.00,-15.65
6-January-2023,1470.00,1470.00,1442.65,1446.55,1452.460271317829457364,1032,318,1498939.00,772,74.81,27.35,-23.45
5-January-2023,1475.05,1475.05,1424.45,1451.85,1453.174545454545454545,1100,287,1598492.00,650,59.09,50.60,-23.20
4-January-2023,1514.95,1514.95,1455.00,1460.90,1468.996796925048046124,1561,407,2293104.00,895,57.34,59.95,-54.05
3-January-2023,1505.00,1505.00,1466.50,1482.40,1479.732961743096022295,3947,886,5840506.00,2552,64.66,38.50,-22.60
2-January-2023,1511.00,1514.70,1470.00,1485.30,1496.810557184750733137,1705,546,2552062.00,938,55.01,44.70,-25.70
30-December-2022,1480.00,1511.00,1472.00,1503.65,1484.346209126841537908,5566,1078,8261871.00,921,16.55,39.00,23.65
29-December-2022,1474.20,1485.40,1460.25,1467.40,1473.321778447626224566,7962,1481,11730588.00,657,8.25,25.15,-6.80
28-December-2022,1460.00,1489.70,1460.00,1472.30,1474.317524216882626745,7949,1287,11719350.00,1052,13.23,29.70,12.30
27-December-2022,1504.00,1504.00,1453.70,1469.60,1484.332582206643298280,11982,1900,17785273.00,1669,13.93,50.30,-34.40
26-December-2022,1404.15,1490.00,1404.15,1471.30,1451.910543657331136738,18210,3140,26439291.00,2388,13.11,85.85,67.15
23-December-2022,1450.05,1469.00,1415.00,1423.50,1436.411798839458413926,5170,1095,7426249.00,1123,21.72,54.00,-26.55
22-December-2022,1550.00,1577.75,1464.55,1485.35,1499.335146207091397089,14158,2688,21227587.00,3333,23.54,113.20,-64.65
21-December-2022,1634.15,1644.25,1530.00,1541.60,1585.213220181661473181,15083,2997,23909771.00,2614,17.33,114.25,-92.55
20-December-2022,1564.95,1615.00,1551.25,1608.00,1565.873445571073273388,10454,1860,16369641.00,1126,10.77,63.75,43.05
19-December-2022,1520.05,1565.15,1520.05,1550.00,1538.428980974719833203,7674,1223,11805904.00,1265,16.48,45.10,29.95
16-December-2022,1517.75,1520.90,1490.00,1509.85,1506.718558849230355582,14877,2287,22415452.00,1443,9.70,30.90,-7.90
15-December-2022,1523.90,1523.90,1492.00,1517.95,1508.376048161685658998,4651,917,7015457.00,1665,35.80,31.90,-5.95
14-December-2022,1517.05,1519.05,1494.05,1506.65,1507.031426030240142306,3373,734,5083217.00,809,23.98,25.00,-10.40
13-December-2022,1510.00,1529.35,1504.60,1509.05,1515.394505805720758991,7062,1370,10701716.00,1725,24.43,24.75,-0.95
12-December-2022,1551.95,1551.95,1490.50,1506.05,1506.289179794393905776,13521,2814,20366536.00,2524,18.67,61.45,-45.90
9-December-2022,1549.90,1549.90,1502.35,1520.00,1520.337164220437551924,7222,1176,10979875.00,1655,22.92,47.55,-29.90
8-December-2022,1555.05,1566.05,1538.75,1541.15,1552.817104063228290606,9869,1814,15324752.00,543,5.50,27.30,-13.90
7-December-2022,1590.05,1590.05,1531.85,1546.05,1556.400637619553666312,10351,1968,16110303.00,1174,11.34,58.20,-44.00
6-December-2022,1588.55,1606.75,1562.60,1578.40,1588.056999544003647970,8772,1651,13930436.00,1788,20.38,44.15,-10.15
5-December-2022,1576.00,1605.20,1550.95,1585.40,1581.357097254735050010,9398,2005,14861594.00,1796,19.11,54.25,9.40
2-December-2022,1580.75,1600.95,1574.70,1598.00,1585.673961245541309168,10373,1867,16448196.00,762,7.35,26.25,17.25
1-December-2022,1606.90,1610.00,1584.85,1592.65,1594.965578111209179170,12463,2069,19878056.00,883,7.08,25.15,-14.25
30-November-2022,1527.00,1612.80,1522.80,1587.75,1560.891787332817508566,9047,1488,14121388.00,1073,11.86,90.00,60.75
29-November-2022,1598.00,1598.05,1521.25,1537.70,1555.522325533871462143,9787,1737,15223897.00,4561,46.60,76.80,-60.30
28-November-2022,1633.00,1645.00,1580.00,1595.20,1618.728026533996683250,10251,1718,16593581.00,1458,14.22,65.00,-37.80
25-November-2022,1667.20,1686.00,1619.00,1623.35,1658.257853886904028581,8117,1474,13460079.00,1985,24.45,67.00,-43.85
24-November-2022,1654.85,1668.05,1632.80,1659.80,1651.499935039625828244,7697,1345,12711595.00,485,6.30,35.25,4.95
23-November-2022,1682.45,1682.45,1636.65,1647.30,1653.059454387023258931,14919,2216,24661994.00,3540,23.73,45.80,-35.15
22-November-2022,1580.10,1645.55,1562.90,1643.95,1613.351175876496897994,6931,1048,11182137.00,3140,45.30,82.65,63.85
21-November-2022,1529.00,1576.45,1515.90,1567.20,1541.961750992920048350,11582,1818,17859001.00,3203,27.65,60.55,38.20
18-November-2022,1553.00,1572.35,1509.85,1533.70,1538.876482365624518712,12986,2150,19983850.00,2453,18.89,62.50,-19.30
17-November-2022,1540.05,1560.00,1515.20,1538.35,1538.722716125076640098,13048,2141,20077254.00,2730,20.92,44.80,-1.70
16-November-2022,1565.00,1592.70,1530.00,1546.90,1546.118262385587679790,13766,1944,21283864.00,3144,22.84,62.70,-18.10
15-November-2022,1415.55,1551.30,1407.00,1551.30,1520.355726986543051855,28907,2623,43948923.00,13591,47.02,144.30,135.75
14-November-2022,1549.90,1549.90,1477.45,1477.45,1499.265044108380592312,12696,2074,19034669.00,7489,58.99,72.45,-72.45
11-November-2022,1694.90,1694.90,1555.20,1555.20,1602.722524560039578768,14149,2250,22676921.00,6601,46.65,139.70,-139.70
10-November-2022,1701.00,1701.05,1626.20,1637.05,1648.271303865872246085,14434,2214,23791148.00,4888,33.86,74.85,-63.95
9-November-2022,1785.00,1788.90,1692.30,1698.60,1725.451552689631766502,11786,2242,20336172.00,5480,46.50,96.60,-86.40
7-November-2022,1797.45,1811.55,1751.00,1781.35,1772.590696529657888259,8126,1436,14404072.00,2939,36.17,60.55,-16.10
4-November-2022,1709.00,1763.65,1709.00,1763.65,1749.705852156057494866,3896,614,6816854.00,1788,45.89,54.65,54.65
3-November-2022,1766.10,1773.80,1657.55,1679.70,1722.981570977511437592,15519,2319,26738951.00,8351,53.81,116.25,-86.40
2-November-2022,1784.30,1814.00,1724.00,1740.15,1768.717284904688304997,7764,1440,13732321.00,2902,37.38,90.00,-44.15
1-November-2022,1804.90,1850.00,1804.90,1804.90,1808.489023377239824374,16854,749,30480274.00,11273,66.89,45.10,0.00
31-October-2022,2074.00,2086.75,1899.85,1899.85,2022.616710996973310098,10903,1704,22052590.00,3406,31.24,186.90,-174.15
28-October-2022,1905.75,1999.80,1905.75,1999.80,1973.186900958466453674,18780,1528,37056450.00,11872,63.22,94.05,94.05
27-October-2022,1881.05,1974.50,1827.70,1904.60,1919.776933188546607989,17497,1768,33590337.00,11533,65.91,146.80,23.55
25-October-2022,1901.00,1905.00,1878.85,1896.30,1892.322679778733866011,16270,2373,30788090.00,2338,14.37,26.15,-4.70
24-October-2022,1920.90,1920.90,1872.05,1902.05,1894.746527777777777777,576,67,1091374.00,465,80.73,48.85,-18.85
21-October-2022,1873.60,1904.95,1870.00,1884.70,1888.782117431911697472,15311,2326,28919143.00,1678,10.96,34.95,11.10
20-October-2022,1872.00,1891.95,1854.10,1875.00,1874.876470936077109573,16911,2704,31706036.00,1109,6.56,37.85,3.00
19-October-2022,1905.00,1915.15,1861.95,1883.40,1892.658108781054611851,18073,2773,34206010.00,2663,14.73,53.20,-21.60
18-October-2022,1901.25,1935.70,1887.95,1903.20,1908.112918254976704786,11805,1706,22525273.00,2449,20.75,47.75,1.95
17-October-2022,1892.15,1918.00,1852.55,1863.95,1883.046322407655679349,21631,3287,40732175.00,2157,9.97,65.45,-28.20
14-October-2022,1850.15,1905.00,1841.35,1892.85,1878.248528206274685147,13419,2173,25204217.00,1726,12.86,63.65,42.70
13-October-2022,1875.35,1881.65,1820.00,1829.40,1856.266683439210013208,15899,2400,29512784.00,2377,14.95,61.65,-45.95
12-October-2022,1875.10,1908.70,1859.85,1879.05,1883.661028515720204728,20515,3030,38643306.00,2093,10.20,48.85,3.95
11-October-2022,1912.75,1912.75,1840.00,1874.35,1880.530524930064176402,6077,1049,11427984.00,2051,33.75,72.75,-38.40
10-October-2022,1929.95,1929.95,1892.20,1898.25,1909.399472063352397712,2273,449,4340065.00,953,41.93,37.75,-31.70
7-October-2022,1943.20,1959.65,1920.00,1924.50,1933.946401436662522447,7239,1146,13999838.00,2312,31.94,39.65,-18.70
6-October-2022,1942.05,1983.00,1930.15,1938.40,1953.000616218880946512,8114,1431,15846647.00,3621,44.63,52.85,-3.65
4-October-2022,1956.00,1961.75,1906.55,1939.05,1938.026692891261590334,10677,2026,20692311.00,4698,44.00,55.20,-16.95
3-October-2022,1885.30,1906.00,1848.00,1868.35,1871.972677998598871723,27121,3726,50769771.00,1034,3.81,58.00,-16.95
30-September-2022,1795.05,1898.75,1795.05,1885.30,1850.395430068403434725,6871,1299,12714067.00,2584,37.61,103.70,90.25
29-September-2022,1953.65,1953.65,1797.45,1810.95,1873.421243742508637100,28366,2916,53141467.00,12606,44.44,156.20,-142.70
28-September-2022,1775.00,1868.50,1719.90,1860.65,1832.291635493042046984,13366,1701,24490410.00,5396,40.37,148.60,85.65
27-September-2022,1850.00,1866.85,1773.55,1779.55,1811.172566828362060068,9689,1891,17548451.00,5372,55.44,93.30,-70.45
26-September-2022,1922.05,1936.00,1866.85,1866.85,1873.745983935742971887,10956,1381,20528761.00,6320,57.69,69.15,-55.20
23-September-2022,2018.35,2018.35,1955.00,1965.10,1984.783291457286432160,12736,1863,25278200.00,466,3.66,63.35,-53.25
22-September-2022,2003.40,2020.00,1958.30,2008.75,1985.916648531011969532,18380,2538,36501148.00,1700,9.25,61.70,5.35
21-September-2022,2084.00,2084.00,1990.00,2018.55,2010.015656168772290394,16543,2687,33251689.00,2360,14.27,94.00,-65.45
20-September-2022,1968.85,2054.15,1957.00,2010.35,2018.659755770263016639,14904,2071,30086105.00,4495,30.16,97.15,41.50
19-September-2022,1909.90,1999.40,1894.50,1956.35,1940.805728072918993789,22381,3900,43437173.00,1052,4.70,104.90,46.45
16-September-2022,1988.90,1996.80,1893.10,1919.70,1959.283995910266434113,16627,2841,32577015.00,2655,15.97,103.70,-69.20
15-September-2022,2022.40,2035.95,1978.80,1992.40,1998.218997086974615064,19224,2950,38413762.00,1218,6.34,57.15,-30.00
14-September-2022,1916.05,2009.40,1901.10,1995.95,1977.205717956954706071,15565,2203,30775207.00,5232,33.61,108.30,79.90
13-September-2022,2080.00,2080.00,1965.30,1987.80,2006.699025010597710894,14154,2311,28402818.00,1952,13.79,114.70,-92.20
12-September-2022,2003.00,2094.95,2003.00,2036.95,2054.568418331071036132,15471,2953,31786228.00,2658,17.18,91.95,33.95
9-September-2022,2112.00,2135.15,2011.95,2029.70,2085.467507886435331230,11095,1742,23138262.00,4157,37.47,123.20,-82.30
8-September-2022,2147.00,2147.00,2090.00,2117.80,2125.763985491785790484,23435,2927,49817279.00,7332,31.29,57.00,-29.20
7-September-2022,2028.60,2116.50,2022.15,2116.50,2091.969485294117647058,8160,930,17070471.00,3718,45.56,94.35,87.90
6-September-2022,2100.00,2100.00,1982.25,2015.75,2040.786342123056118999,8874,1527,18109938.00,3099,34.92,117.75,-84.25
5-September-2022,1901.00,2022.70,1901.00,2022.70,1980.532288254562470753,12822,1483,25394385.00,5796,45.20,121.70,121.70
2-September-2022,1950.00,1950.00,1891.30,1926.40,1917.489147154332592719,5851,1347,11219229.00,2332,39.86,58.70,-23.60
1-September-2022,1958.95,1968.30,1924.00,1937.90,1943.730657840297889946,2417,555,4697997.00,949,39.26,44.30,-21.05
30-August-2022,1916.00,1990.00,1916.00,1950.15,1942.063801652892561983,3025,867,5874743.00,1685,55.70,74.00,34.15
29-August-2022,1852.20,1967.35,1851.50,1919.35,1903.103486509794258962,8117,1473,15447491.00,4869,59.99,115.85,67.15
26-August-2022,2069.00,2069.00,1925.35,1948.90,1953.249929398475007060,3541,972,6916458.00,858,24.23,143.65,-120.10
25-August-2022,2029.00,2048.95,1972.05,1986.35,2010.724770642201834862,3815,937,7670915.00,1774,46.50,76.90,-42.65
24-August-2022,1904.90,1989.90,1881.00,1981.30,1935.309653785375664416,13922,2489,26943381.00,5930,42.59,108.90,76.40
23-August-2022,1768.00,1906.45,1768.00,1906.45,1860.385554659601428406,8681,1528,16150007.00,4284,49.35,138.45,138.45
22-August-2022,1830.00,1911.85,1755.05,1815.70,1863.771535212651016599,10181,1657,18975058.00,3529,34.66,156.80,-14.30
19-August-2022,1875.00,1900.00,1795.25,1820.85,1833.715393836823919328,14181,2323,26003918.00,9042,63.76,104.75,-54.15
18-August-2022,1920.00,1948.00,1824.45,1863.35,1875.238925129003991821,10271,2355,19260579.00,5502,53.57,123.55,-56.65
17-August-2022,1879.95,1895.60,1811.30,1895.20,1882.926323790220420572,39470,3224,74319102.00,24816,62.87,84.30,15.25
16-August-2022,1758.95,1805.35,1735.00,1805.35,1799.835716458777000304,9861,475,17748180.00,6708,68.03,70.35,46.40
12-August-2022,1718.75,1719.40,1610.40,1719.40,1708.893591725121864225,16822,1279,28747008.00,12195,72.49,109.00,0.65
11-August-2022,1665.25,1684.75,1625.10,1637.55,1644.827929182414959220,5027,1381,8268550.00,891,17.72,59.65,-27.70
10-August-2022,1699.95,1716.15,1640.05,1659.05,1688.902748066480171137,6077,1231,10263462.00,3552,58.45,76.10,-40.90
8-August-2022,1647.25,1647.25,1621.40,1647.25,1644.899488591660110149,5084,393,8362669.00,3749,73.74,25.85,0.00
5-August-2022,1614.30,1649.00,1532.65,1568.85,1603.728369948467588825,7374,1296,11825893.00,3547,48.10,116.35,-45.45
4-August-2022,1518.10,1582.85,1515.05,1580.50,1571.297653216275536045,5923,781,9306796.00,3351,56.58,67.80,62.40
3-August-2022,1480.00,1524.70,1480.00,1507.50,1512.009469696969696969,2112,342,3193364.00,1695,80.26,44.70,27.50
2-August-2022,1534.65,1535.00,1517.65,1528.60,1529.179172056921086675,1546,370,2364111.00,1093,70.70,17.35,-6.05
1-August-2022,1517.00,1580.00,1512.05,1530.05,1542.239222478829869130,5196,1017,8013475.00,3011,57.95,67.95,13.05
29-July-2022,1516.90,1542.00,1488.00,1517.75,1519.206878850102669404,1948,523,2959415.00,1278,65.61,54.00,0.85
28-July-2022,1478.80,1530.00,1466.35,1511.90,1499.896319569120287253,2228,465,3341769.00,1665,74.73,63.65,33.10
27-July-2022,1469.90,1490.35,1450.30,1462.80,1466.918000000000000000,500,259,733459.00,227,45.40,40.05,-7.10
26-July-2022,1502.30,1507.15,1450.00,1459.10,1468.177777777777777777,1530,427,2246312.00,1165,76.14,57.15,-43.20
25-July-2022,1523.95,1526.60,1481.60,1503.60,1498.548325358851674641,1045,367,1565983.00,462,44.21,45.00,-20.35
22-July-2022,1563.00,1563.00,1500.05,1509.15,1524.936600544535200311,2571,759,3920612.00,1913,74.41,62.95,-53.85
21-July-2022,1472.30,1544.10,1465.20,1541.40,1531.444775378505832712,8058,702,12340382.00,5183,64.32,78.90,69.10
20-July-2022,1460.05,1480.00,1460.00,1470.60,1470.523972602739726027,1168,341,1717572.00,785,67.21,20.00,10.55
19-July-2022,1473.10,1473.40,1435.65,1469.90,1457.482973893303064699,1762,363,2568085.00,1483,84.17,37.75,-3.20
18-July-2022,1450.00,1470.00,1426.00,1464.95,1456.367373153500321130,1557,365,2267564.00,1207,77.52,44.00,14.95
15-July-2022,1452.35,1475.00,1421.00,1446.65,1455.243017924135056273,2399,362,3491128.00,2149,89.58,54.00,-5.70
14-July-2022,1451.45,1471.15,1446.50,1459.90,1458.891393442622950819,976,365,1423878.00,564,57.79,24.65,8.45
13-July-2022,1475.00,1488.75,1450.55,1474.75,1474.136186770428015564,1542,300,2273118.00,1331,86.32,38.20,-0.25
12-July-2022,1452.10,1475.00,1451.10,1474.95,1473.501854140914709517,809,221,1192063.00,686,84.80,23.90,22.85
11-July-2022,1443.50,1479.00,1420.85,1459.30,1456.959578207381370826,569,245,829010.00,265,46.57,58.15,15.80
8-July-2022,1449.00,1455.90,1428.65,1450.75,1440.397765363128491620,895,307,1289156.00,540,60.34,27.25,1.75
7-July-2022,1460.05,1505.85,1422.25,1449.70,1450.945382323733862959,7049,1406,10227714.00,4957,70.32,83.60,-10.35
6-July-2022,1474.55,1515.00,1468.55,1497.10,1494.063521718822979915,2141,317,3198790.00,1927,90.00,46.45,22.55
5-July-2022,1510.10,1523.55,1450.00,1459.15,1474.015650080256821829,2492,421,3673247.00,1926,77.29,73.55,-50.95
4-July-2022,1522.50,1598.60,1510.00,1520.10,1568.858698388721047331,15888,1175,24926027.00,11260,70.87,88.60,-2.40
1-July-2022,1501.50,1549.40,1479.60,1522.50,1509.542098153984691580,2221,620,3352693.00,1461,65.78,69.80,21.00
30-June-2022,1509.75,1533.95,1471.85,1509.95,1509.548010107391029690,3166,547,4779229.00,1798,56.79,62.10,0.20
29-June-2022,1445.25,1537.85,1412.00,1497.30,1493.032325651002693804,3341,486,4988221.00,2289,68.51,125.85,52.05
28-June-2022,1528.80,1532.00,1455.10,1473.15,1491.936234263820470717,3654,591,5451535.00,2349,64.29,76.90,-55.65
27-June-2022,1491.55,1564.00,1458.90,1525.95,1526.071158586688578471,6085,706,9286143.00,5262,86.47,105.10,34.40
24-June-2022,1450.00,1500.70,1435.00,1491.55,1479.611326609775019394,3867,341,5721657.00,2866,74.11,65.70,41.55
23-June-2022,1426.75,1444.00,1400.10,1429.25,1417.241768579492003762,2126,219,3013056.00,1464,68.86,43.90,2.50
22-June-2022,1413.05,1427.20,1388.00,1423.05,1413.537837837837837837,740,145,1046018.00,501,67.70,39.20,10.00
21-June-2022,1396.00,1446.60,1388.00,1434.15,1418.427618782995276465,3599,619,5104921.00,2398,66.63,58.60,38.15
20-June-2022,1398.00,1430.35,1335.00,1377.75,1402.270506634499396863,3316,242,4649929.00,2702,81.48,95.35,-20.25
17-June-2022,1351.05,1394.25,1342.00,1362.25,1358.525291828793774319,771,48,1047423.00,771,100.00,52.25,11.20
16-June-2022,1459.95,1490.00,1371.40,1396.55,1411.811783960720130932,611,82,862617.00,611,100.00,118.60,-63.40
15-June-2022,1430.00,1435.00,1411.00,1435.00,1426.287709497206703910,358,16,510611.00,358,100.00,24.00,5.00
14-June-2022,1473.00,1473.00,1400.00,1420.00,1412.083870967741935483,775,41,1094365.00,775,100.00,73.00,-53.00
13-June-2022,1455.00,1472.00,1440.00,1451.70,1454.869488536155202821,567,43,824911.00,567,100.00,32.00,-3.30
10-June-2022,1465.05,1494.95,1465.05,1489.95,1484.011518324607329842,955,75,1417231.00,955,100.00,29.90,24.90
9-June-2022,1480.00,1505.00,1480.00,1500.70,1491.246418338108882521,349,34,520445.00,349,100.00,25.00,20.70
8-June-2022,1532.00,1532.00,1465.00,1476.20,1481.528484848484848484,825,72,1222261.00,825,100.00,67.00,-55.80
7-June-2022,1494.35,1494.35,1453.05,1481.00,1474.783284742468415937,1029,91,1517552.00,1029,100.00,41.30,-13.35
6-June-2022,1413.70,1494.35,1413.70,1481.25,1457.529792746113989637,772,52,1125213.00,772,100.00,80.65,67.55
3-June-2022,1484.95,1492.00,1412.40,1430.75,1456.794272795779954785,1327,74,1933166.00,1327,100.00,79.60,-54.20
2-June-2022,1474.85,1499.00,1436.05,1477.75,1480.452319587628865979,776,65,1148831.00,776,100.00,62.95,2.90
1-June-2022,1432.95,1487.95,1386.30,1457.85,1444.265409717186366932,1379,129,1991642.00,1379,100.00,101.65,24.90
31-May-2022,1352.10,1432.95,1352.10,1425.50,1417.635499207606973058,631,47,894528.00,631,100.00,80.85,73.40
30-May-2022,1303.00,1402.85,1303.00,1399.00,1372.802816901408450704,2343,149,3216477.00,2343,100.00,99.85,96.00
27-May-2022,1389.85,1389.85,1314.25,1350.90,1338.989876265466816647,889,59,1190362.00,889,100.00,75.60,-38.95
26-May-2022,1340.00,1369.00,1269.30,1345.85,1303.861985472154963680,3717,244,4846455.00,3717,100.00,99.70,5.85
25-May-2022,1435.00,1437.75,1336.10,1336.10,1356.058991776903825527,2797,192,3792897.00,2797,100.00,101.65,-98.90
24-May-2022,1450.05,1450.05,1390.75,1406.40,1401.443937418513689700,1534,139,2149815.00,1534,100.00,59.30,-43.65
23-May-2022,1534.00,1534.00,1457.95,1460.95,1481.192379762648344784,1601,162,2371389.00,1601,100.00,76.05,-73.05
20-May-2022,1619.95,1619.95,1492.55,1534.65,1528.553476504358919838,4703,282,7188787.00,4703,100.00,127.40,-85.30
19-May-2022,1500.00,1582.45,1499.00,1570.10,1571.736689254598257502,14462,470,22730456.00,14462,100.00,83.45,70.10
18-May-2022,1507.10,1507.10,1507.10,1507.10,1507.096551724137931034,145,9,218529.00,145,100.00,0.00,0.00
17-May-2022,1435.35,1435.35,1435.35,1435.35,1435.349822274881516587,3376,70,4845741.00,3376,100.00,0.00,0.00
16-May-2022,1335.00,1377.35,1300.00,1367.00,1331.554277498202731847,5564,174,7408768.00,5564,100.00,77.35,32.00
13-May-2022,1280.00,1391.35,1280.00,1311.80,1284.489369358093837513,63919,234,82103276.00,63919,100.00,111.35,31.80
12-May-2022,1422.00,1422.00,1325.10,1325.10,1333.952360139860139860,2288,118,3052083.00,2288,100.00,96.90,-96.90
11-May-2022,1387.55,1429.45,1362.00,1394.80,1378.880555555555555555,720,36,992794.00,720,100.00,67.45,7.25
10-May-2022,1457.70,1497.95,1413.65,1418.10,1420.508718726307808946,3957,202,5620953.00,3957,100.00,84.30,-39.60
9-May-2022,1501.00,1518.00,1446.00,1488.05,1482.678421494542401343,1191,70,1765870.00,1191,100.00,72.00,-12.95
6-May-2022,1589.95,1589.95,1510.45,1517.85,1514.805338541666666666,1536,85,2326741.00,1536,100.00,79.50,-72.10
5-May-2022,1649.90,1649.90,1551.20,1589.90,1594.999125109361329833,1143,94,1823084.00,1143,100.00,98.70,-60.00
4-May-2022,1639.90,1656.00,1580.00,1613.90,1628.163765822784810126,1264,108,2057999.00,1264,100.00,76.00,-26.00
2-May-2022,1555.50,1609.00,1550.00,1599.50,1567.657643312101910828,1256,46,1968978.00,1256,100.00,59.00,44.00
29-April-2022,1648.00,1679.75,1600.00,1603.25,1630.969738651994497936,727,49,1185715.00,727,100.00,79.75,-44.75
28-April-2022,1619.95,1677.95,1556.85,1649.05,1644.880272108843537414,2205,216,3626961.00,2205,100.00,121.10,29.10
27-April-2022,1599.00,1619.40,1551.10,1599.10,1572.168619460010188487,1963,128,3086167.00,1963,100.00,68.30,0.10
26-April-2022,1605.30,1649.35,1581.60,1602.80,1607.322050290135396518,1034,53,1661971.00,1034,100.00,67.75,-2.50
25-April-2022,1679.95,1679.95,1610.00,1614.65,1632.569892473118279569,1767,177,2884751.00,1767,100.00,69.95,-65.30
22-April-2022,1592.95,1635.75,1526.10,1635.75,1623.189197826781719399,3129,196,5078959.00,3129,100.00,109.65,42.80
21-April-2022,1470.05,1557.90,1470.05,1557.90,1530.114261884904086738,1199,132,1834607.00,1199,100.00,87.85,87.85
20-April-2022,1503.30,1563.00,1475.10,1483.75,1491.422808764940239043,2008,263,2994777.00,2008,100.00,87.90,-19.55
19-April-2022,1551.55,1572.95,1524.00,1552.70,1554.383546205860255447,2662,221,4137769.00,2662,100.00,48.95,1.15
18-April-2022,1608.95,1608.95,1525.00,1570.80,1560.433124644280022766,1757,133,2741681.00,1757,100.00,83.95,-38.15
13-April-2022,1580.00,1610.00,1565.45,1590.40,1597.305475504322766570,347,37,554265.00,347,100.00,44.55,10.40
12-April-2022,1628.45,1628.45,1570.00,1570.90,1594.926640926640926640,777,50,1239258.00,777,100.00,58.45,-57.55
11-April-2022,1648.95,1648.95,1557.50,1615.50,1620.546017699115044247,1130,152,1831217.00,1130,100.00,91.45,-33.45
8-April-2022,1635.00,1637.90,1566.00,1622.00,1616.287500000000000000,800,77,1293030.00,800,100.00,71.90,-13.00
7-April-2022,1595.95,1655.00,1552.05,1621.70,1601.462365591397849462,744,79,1191488.00,744,100.00,102.95,25.75
6-April-2022,1586.00,1604.65,1553.00,1578.40,1579.436936936936936936,1332,164,2103810.00,1332,100.00,51.65,-7.60
5-April-2022,1648.90,1648.90,1600.10,1604.65,1610.249567723342939481,1735,149,2793783.00,1735,100.00,48.80,-44.25
4-April-2022,1667.90,1696.95,1605.05,1628.90,1651.403317328677433435,2291,180,3783365.00,2291,100.00,91.90,-39.00
1-April-2022,1632.00,1669.40,1576.25,1636.70,1620.614923747276688453,1836,136,2975449.00,1836,100.00,93.15,4.70
31-March-2022,1595.00,1648.40,1530.00,1592.50,1588.110593713620488940,1718,220,2728374.00,1718,100.00,118.40,-2.50
30-March-2022,1626.05,1650.00,1562.10,1595.85,1594.043373493975903614,830,126,1323056.00,830,100.00,87.90,-30.20
29-March-2022,1764.95,1764.95,1625.55,1636.85,1660.598051673019906819,2361,136,3920672.00,2361,100.00,139.40,-128.10
28-March-2022,1725.05,1774.40,1640.10,1706.45,1717.088928571428571428,2800,268,4807849.00,2800,100.00,134.30,-18.60
25-March-2022,1750.20,1789.95,1702.00,1724.35,1751.894736842105263157,1615,170,2829310.00,1615,100.00,87.95,-25.85
24-March-2022,1675.00,1748.45,1596.45,1721.90,1648.986390532544378698,3380,332,5573574.00,3380,100.00,152.00,46.90
23-March-2022,1678.00,1680.45,1628.55,1680.45,1678.568693693693693693,10656,426,17886828.00,10656,100.00,51.90,2.45
22-March-2022,1589.00,1600.45,1535.00,1600.45,1594.456433516352351396,4189,178,6679178.00,4189,100.00,65.45,11.45
21-March-2022,1477.00,1524.25,1477.00,1524.25,1516.851934523809523809,4032,198,6115947.00,4032,100.00,47.25,47.25
17-March-2022,1544.00,1544.00,1435.00,1451.70,1469.255868544600938967,426,56,625903.00,426,100.00,109.00,-92.30
16-March-2022,1500.90,1510.00,1427.80,1478.15,1464.129840546697038724,878,112,1285506.00,878,100.00,82.20,-22.75
15-March-2022,1480.05,1529.95,1475.00,1500.80,1496.764842300556586270,2156,106,3227025.00,2156,100.00,54.95,20.75
14-March-2022,1538.95,1538.95,1431.25,1481.70,1488.544869733033129623,3109,194,4627886.00,3109,100.00,107.70,-57.25
11-March-2022,1409.25,1476.95,1340.25,1471.20,1458.874943971313312415,2231,182,3254750.00,2231,100.00,136.70,61.95
10-March-2022,1395.00,1420.50,1311.55,1409.25,1400.893103448275862068,1160,96,1625036.00,1160,100.00,108.95,14.25
9-March-2022,1349.00,1367.40,1310.05,1352.90,1339.983606557377049180,854,100,1144346.00,854,100.00,57.35,3.90
8-March-2022,1274.45,1314.75,1251.00,1309.75,1279.125226860254083484,551,28,704798.00,551,100.00,63.75,35.30
7-March-2022,1289.40,1289.40,1213.00,1254.45,1239.845971563981042654,422,52,523215.00,422,100.00,76.40,-34.95
4-March-2022,1310.00,1334.95,1270.00,1273.45,1280.241798298906439854,1646,53,2107278.00,1646,100.00,64.95,-36.55
3-March-2022,1320.05,1349.95,1301.30,1310.00,1312.055214723926380368,489,40,641595.00,489,100.00,48.65,-10.05
2-March-2022,1378.95,1378.95,1300.05,1304.45,1321.570719602977667493,403,59,532593.00,403,100.00,78.90,-74.50
28-February-2022,1265.00,1327.65,1206.05,1315.50,1276.524028966425279789,1519,92,1939040.00,1519,100.00,121.60,50.50
25-February-2022,1269.10,1269.10,1230.05,1264.45,1263.733001658374792703,603,50,762031.00,603,100.00,39.05,-4.65
24-February-2022,1255.00,1294.95,1205.00,1208.70,1232.162025316455696202,1185,84,1460112.00,1185,100.00,89.95,-46.30
23-February-2022,1280.00,1309.40,1246.00,1267.65,1285.532608695652173913,736,61,946152.00,736,100.00,63.40,-12.35
22-February-2022,1298.75,1340.00,1247.25,1253.30,1272.033240997229916897,1083,83,1377612.00,1083,100.00,92.75,-45.45
21-February-2022,1399.30,1399.30,1281.00,1312.85,1332.061106523534269199,1211,97,1613126.00,1211,100.00,118.30,-86.45
18-February-2022,1352.80,1352.80,1260.10,1342.90,1339.672941837594830008,3559,273,4767896.00,3559,100.00,92.70,-9.90
17-February-2022,1288.40,1288.40,1288.40,1288.40,1288.398550724637681159,276,7,355598.00,276,100.00,0.00,0.00
16-February-2022,1227.05,1227.05,1227.05,1227.05,1227.049342105263157894,304,8,373023.00,304,100.00,0.00,0.00
15-February-2022,1168.65,1168.65,1168.65,1168.65,1168.649746192893401015,394,16,460448.00,394,100.00,0.00,0.00
14-February-2022,1125.00,1134.95,1113.00,1113.00,1117.813186813186813186,2184,72,2441304.00,2184,100.00,21.95,-12.00
11-February-2022,1165.00,1219.90,1124.10,1171.55,1152.978586723768736616,1401,81,1615323.00,1401,100.00,95.80,6.55
10-February-2022,1195.25,1220.00,1161.00,1173.60,1172.169211721007016095,2423,117,2840166.00,2423,100.00,59.00,-21.65
9-February-2022,1244.95,1278.70,1168.55,1221.50,1231.354176388240783947,2143,115,2638792.00,2143,100.00,110.15,-23.45
8-February-2022,1312.90,1312.90,1187.90,1227.40,1255.076171875000000000,1536,139,1927797.00,1536,100.00,125.00,-85.50
7-February-2022,1307.00,1308.45,1250.00,1250.40,1287.549310168625447112,3914,223,5039468.00,3914,100.00,58.45,-56.60
4-February-2022,1190.00,1246.15,1136.10,1246.15,1231.760772659732540861,673,45,828975.00,673,100.00,110.05,56.15
3-February-2022,1227.70,1227.70,1138.00,1186.85,1187.552710843373493975,664,54,788535.00,664,100.00,89.70,-40.85
2-February-2022,1199.00,1199.00,1134.10,1194.20,1175.762430939226519337,724,75,851252.00,724,100.00,64.90,-4.80
1-February-2022,1226.95,1226.95,1110.25,1186.70,1151.219922834093300596,2851,192,3282128.00,2851,100.00,116.70,-40.25
31-January-2022,1168.00,1168.65,1068.65,1168.65,1162.854762565953901693,7202,270,8374880.00,7202,100.00,100.00,0.65
28-January-2022,1060.00,1113.00,1013.05,1113.00,1097.062080000000000000,3125,130,3428319.00,3125,100.00,99.95,53.00
27-January-2022,1020.05,1060.00,1000.00,1060.00,1018.511111111111111111,585,34,595829.00,585,100.00,60.00,39.95
25-January-2022,1063.00,1080.00,1011.95,1051.25,1037.279329608938547486,895,57,928365.00,895,100.00,68.05,-11.75
24-January-2022,1134.40,1134.40,1042.50,1064.85,1100.553350970017636684,4536,143,4992110.00,4536,100.00,91.90,-69.55
21-January-2022,1080.00,1080.45,1041.70,1080.45,1078.315789473684210526,1805,89,1946360.00,1805,100.00,38.75,0.45
20-January-2022,1006.50,1029.60,1002.05,1029.00,1016.246049661399548532,1329,46,1350591.00,1329,100.00,27.55,22.50
19-January-2022,989.95,989.95,933.60,980.60,973.832031250000000000,768,60,747903.00,768,100.00,56.35,-9.35
18-January-2022,1008.00,1008.00,956.30,974.65,981.941656466748266013,2451,144,2406739.00,2451,100.00,51.70,-33.35
17-January-2022,982.00,1024.00,980.00,1001.20,996.997352162400706090,1133,82,1129598.00,1133,100.00,44.00,19.20
14-January-2022,964.00,979.50,906.25,979.50,959.286592178770949720,1790,71,1717123.00,1790,100.00,73.25,15.50
13-January-2022,902.10,954.65,902.10,932.90,929.267642752562225475,3415,109,3173449.00,3415,100.00,52.55,30.80
12-January-2022,994.95,994.95,912.00,949.10,935.624352331606217616,772,68,722302.00,772,100.00,82.95,-45.85
11-January-2022,950.00,962.15,916.50,959.50,956.902581807265085559,6662,126,6374885.00,6662,100.00,45.65,9.50
10-January-2022,872.75,916.35,872.75,916.35,907.802065404475043029,1743,51,1582299.00,1743,100.00,43.60,43.60
7-January-2022,887.95,887.95,855.10,872.75,875.207939508506616257,529,43,462985.00,529,100.00,32.85,-15.20
6-January-2022,860.00,894.50,842.00,888.00,872.148299319727891156,735,46,641029.00,735,100.00,52.50,28.00
5-January-2022,871.05,895.95,871.05,880.00,877.341666666666666666,480,39,421124.00,480,100.00,24.90,8.95
4-January-2022,884.55,889.65,816.25,885.70,864.431208791208791208,2275,84,1966581.00,2275,100.00,73.40,1.15
3-January-2022,877.00,894.80,846.15,855.70,877.920807453416149068,644,41,565381.00,644,100.00,48.65,-21.30
31-December-2021,869.95,879.90,826.00,869.10,857.057067603160667251,1139,59,976188.00,1139,100.00,53.90,-0.85
30-December-2021,830.00,844.00,825.00,840.00,829.587719298245614035,114,20,94573.00,114,100.00,19.00,10.00
29-December-2021,839.00,859.70,802.75,830.05,824.385611510791366906,695,49,572948.00,695,100.00,56.95,-8.95
28-December-2021,802.25,844.00,802.25,839.50,823.622085889570552147,815,55,671252.00,815,100.00,41.75,37.25
27-December-2021,810.35,830.90,801.20,823.45,816.551282051282051282,234,35,191073.00,234,100.00,29.70,13.10
24-December-2021,803.10,843.95,791.00,828.25,809.207007652033830044,2483,109,2009261.00,2483,100.00,52.95,25.15
23-December-2021,844.95,844.95,800.05,829.10,823.752762430939226519,724,75,596397.00,724,100.00,44.90,-15.85
22-December-2021,803.00,829.45,771.60,805.80,792.720588235294117647,816,63,646860.00,816,100.00,57.85,2.80
21-December-2021,820.00,828.95,792.15,803.10,804.998073217726396917,519,71,417794.00,519,100.00,36.80,-16.90
20-December-2021,818.15,847.50,815.80,816.00,820.477639751552795031,1610,100,1320969.00,1610,100.00,31.70,-2.15
17-December-2021,855.05,879.00,833.20,858.70,857.319294809010773751,2042,139,1750646.00,2042,100.00,45.80,3.65
16-December-2021,889.95,907.00,845.20,873.45,872.035099793530626290,1453,120,1267067.00,1453,100.00,61.80,-16.50
15-December-2021,860.55,903.85,860.55,869.30,874.555555555555555555,945,77,826455.00,945,100.00,43.30,8.75
14-December-2021,908.00,908.00,857.00,892.15,885.549382716049382716,648,62,573836.00,648,100.00,51.00,-15.85
13-December-2021,897.45,899.90,847.00,899.45,888.352713178294573643,516,51,458390.00,516,100.00,52.90,2.00
10-December-2021,815.00,885.15,815.00,864.95,867.889557370004297378,2327,142,2019579.00,2327,100.00,70.15,49.95
9-December-2021,846.90,850.00,806.50,845.90,834.567090395480225988,1416,68,1181747.00,1416,100.00,43.50,-1.00
8-December-2021,845.00,866.25,830.00,846.00,854.293607800650054171,923,34,788513.00,923,100.00,36.25,1.00
7-December-2021,810.20,855.00,810.10,834.55,829.293023255813953488,430,38,356596.00,430,100.00,44.90,24.35
6-December-2021,864.90,867.00,806.05,825.00,844.112903225806451612,310,35,261675.00,310,100.00,60.95,-39.90
3-December-2021,835.95,838.15,785.10,826.15,828.783269961977186311,526,36,435940.00,526,100.00,53.05,-9.80
2-December-2021,829.00,829.00,792.00,798.25,802.073260073260073260,819,67,656898.00,819,100.00,37.00,-30.75
1-December-2021,835.00,836.00,788.00,819.60,800.141404805914972273,1082,36,865753.00,1082,100.00,48.00,-15.40
30-November-2021,848.95,848.95,772.25,826.90,814.350819672131147540,915,38,745131.00,915,100.00,76.70,-22.05
29-November-2021,802.05,820.00,802.00,810.60,811.277777777777777777,522,30,423487.00,522,100.00,18.00,8.55
26-November-2021,849.95,850.00,820.10,837.20,838.951327433628318584,452,31,379206.00,452,100.00,29.90,-12.75
25-November-2021,835.00,878.00,830.10,843.95,861.896626768226332970,919,49,792083.00,919,100.00,47.90,8.95
24-November-2021,820.20,853.10,796.10,839.00,825.182089552238805970,335,38,276436.00,335,100.00,57.00,18.80
23-November-2021,776.75,834.00,776.75,820.20,813.042431192660550458,872,32,708973.00,872,100.00,57.25,43.45
22-November-2021,842.00,842.00,802.00,812.05,814.596363636363636363,275,25,224014.00,275,100.00,40.00,-29.95
18-November-2021,850.80,850.80,820.00,842.00,837.708812260536398467,261,27,218642.00,261,100.00,30.80,-8.80
17-November-2021,888.75,890.00,845.15,850.80,862.670868347338935574,714,47,615947.00,714,100.00,44.85,-37.95
16-November-2021,909.90,909.90,860.40,862.05,871.857008466603951081,1063,72,926784.00,1063,100.00,49.50,-47.85
15-November-2021,898.00,905.00,830.10,899.65,869.702044025157232704,1272,69,1106261.00,1272,100.00,74.90,1.65
12-November-2021,869.95,882.95,850.55,862.10,860.707581227436823104,554,30,476832.00,554,100.00,32.40,-7.85
11-November-2021,878.05,909.95,866.40,867.15,877.570537516052100532,5451,190,4783637.00,5451,100.00,43.55,-10.90
10-November-2021,922.30,945.00,880.10,912.00,905.496685364609892911,1961,77,1775679.00,1961,100.00,64.90,-10.30
9-November-2021,965.00,965.00,883.00,922.30,949.857309098969300676,18046,276,17141125.00,18046,100.00,82.00,-42.70
8-November-2021,919.85,919.85,881.10,919.85,919.050349114692278231,33943,283,31195326.00,20428,60.18,38.75,0.00
4-November-2021,890.00,890.05,861.00,876.05,878.853061224489795918,980,121,861276.00,788,80.41,29.05,-13.95
3-November-2021,884.00,894.20,867.80,885.35,887.028865088132174247,20821,852,18468828.00,10947,52.58,26.40,1.35
2-November-2021,851.00,851.65,818.55,851.65,849.480373831775700934,13375,358,11361800.00,11204,83.77,33.10,0.65
1-November-2021,779.85,811.10,769.75,811.10,801.454842664487127094,2447,222,1961160.00,2092,85.49,41.35,31.25
29-October-2021,785.00,789.65,770.00,772.50,778.602139037433155080,1870,136,1455986.00,1656,88.56,19.65,-12.50
28-October-2021,810.00,812.00,790.00,797.15,800.477201748906933166,4803,345,3844692.00,4179,87.01,22.00,-12.85
27-October-2021,774.80,787.05,762.50,787.05,782.281411553158013036,4449,268,3480370.00,3432,77.14,24.55,12.25
26-October-2021,740.25,760.00,738.00,749.60,748.709711846318036286,1874,210,1403082.00,1329,70.92,22.00,9.35
25-October-2021,701.50,771.90,701.50,728.05,725.332815533980582524,2575,193,1867732.00,1843,71.57,70.40,26.55
22-October-2021,726.05,736.20,715.00,735.55,732.971637301246239793,2327,240,1705625.00,1218,52.34,21.20,9.50
21-October-2021,682.10,708.80,678.00,701.15,696.148475909537856440,1017,108,707983.00,733,72.07,30.80,19.05
20-October-2021,690.30,705.95,684.00,689.65,691.891820580474934036,758,73,524454.00,693,91.42,21.95,-0.65
19-October-2021,722.35,742.20,696.50,700.05,715.222330097087378640,1030,96,736679.00,939,91.16,45.70,-22.30
18-October-2021,731.60,742.00,704.30,710.15,716.750431034482758620,2320,372,1662861.00,1309,56.42,37.70,-21.45
14-October-2021,701.00,744.90,701.00,733.65,735.202435312024353120,1314,208,966056.00,820,62.40,43.90,32.65
13-October-2021,748.05,748.05,725.85,729.60,737.338528452337803552,2759,372,2034317.00,2095,75.93,22.20,-18.45
12-October-2021,774.30,775.90,744.35,756.25,755.702799712849964106,1393,279,1052694.00,822,59.01,31.55,-18.05
11-October-2021,736.35,789.00,736.35,769.30,780.422525107604017216,1394,171,1087909.00,1210,86.80,52.65,32.95
8-October-2021,809.00,815.00,772.50,775.10,784.276108108108108108,4625,577,3627277.00,2775,60.00,42.50,-33.90
7-October-2021,750.00,797.40,750.00,797.40,790.042350332594235033,4510,514,3563091.00,3549,78.69,47.40,47.40
6-October-2021,778.85,790.25,755.35,759.45,770.381352372952540949,2381,374,1834278.00,1386,58.21,34.90,-19.40
5-October-2021,789.95,800.15,774.20,778.55,785.263462233465847488,2767,255,2172824.00,1855,67.04,25.95,-11.40
4-October-2021,782.00,806.95,770.40,788.40,789.366906474820143884,6533,659,5156934.00,4255,65.13,36.55,6.40
1-October-2021,719.10,768.60,709.00,768.60,751.666995559940799210,4054,361,3047258.00,3069,75.70,59.60,49.50
30-September-2021,748.70,755.95,716.00,732.00,739.408585055643879173,1258,198,930176.00,914,72.66,39.95,-16.70
29-September-2021,728.00,750.00,716.00,741.05,734.352807283763277693,1318,223,967877.00,746,56.60,34.00,13.05
28-September-2021,729.35,731.95,715.00,729.55,722.903773584905660377,530,149,383139.00,322,60.75,16.95,0.20
27-September-2021,727.20,732.15,720.00,726.30,726.334065934065934065,1365,198,991446.00,1074,78.68,12.15,-0.90
24-September-2021,749.40,766.65,726.30,731.90,749.630638677981241625,2239,307,1678423.00,1175,52.48,40.35,-17.50
23-September-2021,770.15,770.15,745.00,750.55,760.720394088669950738,5075,295,3860656.00,4188,82.52,25.15,-19.60
22-September-2021,759.55,774.30,744.35,759.95,770.709584533113944878,9724,470,7494380.00,5119,52.64,29.95,0.40
21-September-2021,701.00,737.45,695.70,737.45,715.056481105241771637,2461,199,1759754.00,1413,57.42,41.75,36.45
20-September-2021,710.00,714.00,682.50,702.35,706.911235100177529799,3943,310,2787351.00,3136,79.53,31.50,-7.65
17-September-2021,745.00,760.00,703.00,718.20,734.005415162454873646,3878,487,2846473.00,2383,61.45,57.00,-26.80
16-September-2021,795.00,798.00,726.30,728.00,738.599431818181818181,17248,678,12739363.00,13760,79.78,71.70,-67.00
15-September-2021,748.80,764.50,740.00,764.50,759.540115849149617944,16228,721,12325817.00,8688,53.54,24.50,15.70
14-September-2021,710.00,728.10,702.55,728.10,726.310255911258149265,20554,556,14928581.00,14080,68.50,25.55,18.10
13-September-2021,693.00,693.45,680.35,693.45,692.903838437876153537,7477,287,5180842.00,5711,76.38,13.10,0.45
9-September-2021,657.00,660.45,642.05,660.45,657.167430025445292620,1965,106,1291334.00,1911,97.25,18.40,3.45
8-September-2021,615.60,634.05,605.00,629.00,616.872050816696914700,2204,158,1359586.00,2032,92.20,29.05,13.40
7-September-2021,599.15,615.70,590.00,603.90,601.146990200653289780,2143,170,1288258.00,1983,92.53,25.70,4.75
6-September-2021,604.45,604.60,592.65,593.45,595.306976744186046511,215,80,127991.00,172,80.00,11.95,-11.00
3-September-2021,585.00,639.95,585.00,599.35,603.392412231030577576,1766,172,1065591.00,1333,75.48,54.95,14.35
2-September-2021,620.00,620.00,605.80,612.95,611.017345399698340874,1326,67,810209.00,1032,77.83,14.20,-7.05
1-September-2021,619.75,636.25,612.25,615.70,625.981160512434061793,1327,94,830677.00,1029,77.54,24.00,-4.05
31-August-2021,621.85,647.00,611.00,640.80,628.532818532818532818,518,98,325580.00,365,70.46,36.00,18.95
30-August-2021,647.95,647.95,622.00,623.40,630.200101574403250380,1969,204,1240864.00,1470,74.66,25.95,-24.55
27-August-2021,590.05,619.80,590.05,619.80,616.552732871439568899,1299,69,800902.00,1139,87.68,29.75,29.75
26-August-2021,600.40,605.00,589.40,590.30,595.533795493934142114,1154,119,687246.00,977,84.66,15.60,-10.10
25-August-2021,597.75,616.35,592.85,599.25,599.054187192118226600,1624,63,972864.00,1253,77.16,23.50,1.50
24-August-2021,581.50,610.35,574.65,594.65,591.562433675274142200,2827,213,1672347.00,1624,57.45,35.70,13.15
23-August-2021,622.00,622.00,586.45,587.45,594.011507750117426021,4258,238,2529301.00,3538,83.09,35.55,-34.55
20-August-2021,648.45,648.45,617.25,617.30,623.552848135086031847,9357,496,5834584.00,6587,70.40,31.20,-31.15
18-August-2021,623.00,652.25,622.05,649.70,650.509237875288683602,14722,369,9576797.00,10215,69.39,30.20,26.70
17-August-2021,629.05,639.95,617.80,621.20,625.113553113553113553,273,41,170656.00,233,85.35,22.15,-7.85
16-August-2021,620.00,648.00,606.80,629.05,629.312205722564288301,2761,270,1737531.00,1898,68.74,41.20,9.05
13-August-2021,627.05,636.30,611.70,617.15,626.748544203282159872,1889,169,1183928.00,1202,63.63,24.60,-9.90
12-August-2021,610.40,623.70,597.65,606.00,607.126388888888888888,720,103,437131.00,454,63.06,26.05,-4.40
11-August-2021,580.05,605.80,562.05,601.85,578.674812030075187969,4788,445,2770695.00,2742,57.27,43.75,21.80
10-August-2021,612.60,620.35,579.90,590.75,591.630923694779116465,2490,189,1473161.00,1887,75.78,40.45,-21.85
9-August-2021,601.45,615.20,599.00,610.35,605.138014527845036319,2891,359,1749454.00,2023,69.98,16.20,8.90
6-August-2021,620.35,622.70,603.55,609.60,609.771073238139106402,2171,422,1323813.00,1086,50.02,19.15,-10.75
5-August-2021,623.20,629.50,603.10,621.10,615.485456660849331006,3438,479,2116039.00,1409,40.98,26.40,-2.10
4-August-2021,637.20,658.55,627.00,629.35,647.547462892647566448,5794,570,3751890.00,3013,52.00,31.55,-7.85
3-August-2021,642.55,647.45,624.75,627.20,633.086867654573326520,1957,381,1238951.00,1134,57.95,22.70,-15.35
2-August-2021,658.95,658.95,636.70,644.95,646.650374284456186701,2271,439,1468543.00,1155,50.86,22.25,-14.00
30-July-2021,637.00,644.40,623.95,629.80,632.004117647058823529,1700,336,1074407.00,1026,60.35,20.45,-7.20
29-July-2021,639.65,647.85,632.70,639.60,641.409221902017291066,1735,282,1112845.00,1009,58.16,15.15,-0.05
28-July-2021,653.05,653.05,626.20,641.05,640.238948170731707317,2624,367,1679987.00,1447,55.14,26.85,-12.00
27-July-2021,654.30,671.05,639.90,646.85,653.753063147973609802,3183,561,2080896.00,2141,67.26,31.15,-7.45
26-July-2021,640.00,668.55,639.05,644.45,649.899858290033065658,6351,417,4127514.00,4938,77.75,29.50,4.45
23-July-2021,697.05,705.35,639.00,660.65,691.269622742714106919,22372,739,15465084.00,9404,42.03,66.35,-36.40
22-July-2021,650.00,671.80,648.00,671.80,665.704489059327769005,4433,88,2951068.00,3758,84.77,23.80,21.80
20-July-2021,639.85,639.85,620.05,639.85,638.202820093163792018,15886,584,10138490.00,8188,51.54,19.80,0.00
19-July-2021,576.25,609.40,576.25,609.40,601.294390118373648996,1943,110,1168315.00,1501,77.25,33.15,33.15
16-July-2021,602.10,602.10,575.15,580.40,586.989666271387430120,5903,473,3465000.00,3835,64.97,26.95,-21.70
15-July-2021,582.10,632.90,579.10,590.25,604.979993715303236618,9547,784,5775744.00,5425,56.82,53.80,8.15
14-July-2021,611.00,626.05,609.05,609.05,609.705429200293470286,2726,71,1662057.00,2723,99.89,17.00,-1.95
13-July-2021,690.00,696.00,641.10,641.10,649.728841145833333333,9216,381,5987901.00,6546,71.03,54.90,-48.90
12-July-2021,684.00,696.40,663.40,674.80,685.034174448638982714,25165,956,17238885.00,18836,74.85,33.00,-9.20
9-July-2021,644.95,663.25,630.00,663.25,658.882085786375105130,11890,320,7834108.00,9121,76.71,33.25,18.30
8-July-2021,615.85,631.70,615.85,631.70,628.946829755366949575,8012,215,5039122.00,7348,91.71,15.85,15.85
7-July-2021,607.75,608.30,580.00,601.65,597.468918918918918918,5920,379,3537016.00,5021,84.81,28.30,-6.10
6-July-2021,616.05,634.80,577.40,595.30,613.261472602739726027,11680,748,7162894.00,8588,73.53,57.40,-20.75
5-July-2021,591.80,607.75,591.80,607.75,606.894119252285441397,7329,149,4447927.00,6113,83.41,15.95,15.95
2-July-2021,563.90,578.85,555.20,578.85,566.313821138211382113,4920,418,2786264.00,3547,72.09,23.65,14.95
1-July-2021,587.95,589.95,540.00,551.30,568.424384299640841457,15592,957,8862873.00,11632,74.60,49.95,-36.65
30-June-2021,564.40,567.10,560.00,567.10,566.946177171323370153,9234,128,5235181.00,8931,96.72,7.10,2.70
29-June-2021,520.10,540.10,520.10,540.10,539.000000000000000000,14592,271,7865088.00,12506,85.70,20.00,20.00
28-June-2021,492.70,514.40,492.50,514.40,513.807818480043739748,21948,244,11277054.00,17524,79.84,21.90,21.70
25-June-2021,492.55,497.80,483.45,489.95,488.131395348837209302,860,92,419793.00,567,65.93,14.35,-2.60
24-June-2021,485.80,496.45,478.00,495.00,491.867037939436129481,2873,219,1413134.00,1829,63.66,18.45,9.20
23-June-2021,500.00,508.90,478.00,480.95,488.849143835616438356,5840,264,2854879.00,4723,80.87,30.90,-19.05
22-June-2021,484.80,492.60,478.00,492.60,488.627717391304347826,5152,308,2517410.00,2613,50.72,14.60,7.80
21-June-2021,454.75,475.05,452.45,469.15,462.900345622119815668,3472,175,1607190.00,2729,78.60,22.60,14.40
18-June-2021,478.15,488.60,452.45,464.20,461.019772138163843510,16589,803,7647857.00,10935,65.92,36.15,-13.95
17-June-2021,505.00,509.10,470.65,476.25,498.882906783187682064,19224,826,9590525.00,9994,51.99,38.45,-28.75
16-June-2021,479.95,484.90,479.95,484.90,484.543252595155709342,4046,58,1960462.00,3895,96.27,4.95,4.95
15-June-2021,439.80,461.85,438.95,461.85,456.416499726825714806,5491,204,2506183.00,5004,91.13,22.90,22.05
14-June-2021,437.00,445.30,416.00,439.90,438.232283464566929133,3302,366,1447043.00,1920,58.15,29.30,2.90
11-June-2021,432.70,440.00,425.00,435.80,432.771992110453648915,2535,259,1097077.00,2015,79.49,15.00,3.10
10-June-2021,432.75,435.00,422.00,426.70,428.477684210526315789,4750,327,2035269.00,4113,86.59,13.00,-6.05
9-June-2021,429.00,440.50,416.00,424.70,432.660407942725921923,7403,549,3202985.00,4548,61.43,24.50,-4.30
8-June-2021,408.05,424.65,405.70,424.65,423.209998141609366288,10762,150,4554586.00,10280,95.52,18.95,16.60
7-June-2021,399.65,407.00,388.15,404.45,400.835051546391752577,3201,144,1283073.00,1888,58.98,18.85,4.80
4-June-2021,414.95,414.95,398.00,403.20,403.305887032617342879,2514,245,1013911.00,1577,62.73,16.95,-11.75
3-June-2021,414.70,415.60,396.00,406.90,412.908835865670398044,36001,955,14865131.00,22759,63.22,19.60,-7.80
2-June-2021,372.15,395.85,372.15,395.85,392.772857320562258987,8039,218,3157501.00,6928,86.18,23.70,23.70
1-June-2021,353.00,377.00,353.00,377.00,375.854986625907527703,5234,153,1967225.00,4284,81.85,24.00,24.00
31-May-2021,371.50,379.90,356.00,359.05,366.014354066985645933,209,38,76497.00,174,83.25,23.90,-12.45
28-May-2021,373.40,375.00,365.05,371.20,370.916586998087954110,4184,117,1551915.00,3414,81.60,9.95,-2.20
27-May-2021,371.00,379.80,365.50,370.05,371.248696558915537017,1918,129,712055.00,1265,65.95,14.30,-0.95
26-May-2021,351.70,385.55,351.70,371.30,374.185732484076433121,3925,357,1468679.00,2155,54.90,33.85,19.60
25-May-2021,378.55,378.80,362.00,369.30,367.471025260029717682,3365,288,1236540.00,2787,82.82,16.80,-9.25
24-May-2021,399.00,399.00,371.45,373.80,380.532491795001262307,19805,797,7536446.00,10744,54.25,27.55,-25.20
21-May-2021,390.00,391.00,390.00,391.00,390.990051551053631183,11057,64,4323177.00,11057,100.00,1.00,1.00
20-May-2021,363.10,372.40,363.10,372.40,372.235877740438470155,6249,68,2326102.00,6247,99.97,9.30,9.30
19-May-2021,362.80,362.80,341.35,354.70,357.627003738199328391,15783,596,5644427.00,8556,54.21,21.45,-8.10
18-May-2021,329.10,345.55,329.10,345.55,343.200887286843199778,7213,300,2475508.00,4923,68.25,16.45,16.45
17-May-2021,316.75,329.10,313.50,329.10,324.380332610267534345,1383,103,448618.00,1151,83.22,15.60,12.35
14-May-2021,325.10,325.10,313.00,313.45,318.388990825688073394,545,50,173522.00,437,80.18,12.10,-11.65
12-May-2021,329.40,329.70,323.75,325.10,326.383714741883980840,1879,102,613275.00,1600,85.15,5.95,-4.30
11-May-2021,319.85,329.40,313.50,325.00,320.501395348837209302,2150,184,689078.00,1397,64.98,15.90,5.15
10-May-2021,329.10,329.15,315.40,317.05,324.782464846980976013,1209,140,392662.00,1021,84.45,13.75,-12.05
7-May-2021,330.05,338.95,317.00,325.70,327.434119609244698594,4197,271,1374241.00,3381,80.56,21.95,-4.35
6-May-2021,326.75,335.95,315.25,325.45,323.400788436268068331,761,97,246108.00,410,53.88,20.70,-1.30
5-May-2021,325.00,329.50,313.25,323.35,318.626863304789089755,6306,253,2009261.00,5310,84.21,16.25,-1.65
4-May-2021,321.40,342.50,319.20,323.90,329.375202156334231805,1855,128,610991.00,1349,72.72,23.30,2.50
3-May-2021,330.00,333.00,322.00,329.05,330.653104925053533190,467,48,154415.00,390,83.51,11.00,-0.95
30-April-2021,329.00,340.60,328.00,330.25,333.424543946932006633,1809,75,603165.00,1614,89.22,12.60,1.25
29-April-2021,339.80,339.80,328.00,333.00,331.769649334945586457,1654,127,548747.00,1308,79.08,11.80,-6.80
28-April-2021,346.15,363.45,338.20,341.00,352.294430450601735236,3573,182,1258748.00,2331,65.24,25.25,-5.15
27-April-2021,363.90,367.50,342.25,346.15,358.084564442180336220,5889,330,2108760.00,3007,51.06,25.25,-17.75
26-April-2021,348.50,350.00,345.15,350.00,349.691000278629144608,3589,46,1255041.00,3526,98.24,4.85,1.50
23-April-2021,317.50,333.35,314.65,333.35,326.847324414715719063,5980,158,1954547.00,5447,91.09,18.70,15.85
22-April-2021,302.40,317.50,296.05,317.50,315.776536312849162011,7339,282,2317484.00,5672,77.29,21.45,15.10
20-April-2021,309.95,309.95,296.00,302.40,298.948511665325824617,1243,55,371593.00,1110,89.30,13.95,-7.55
19-April-2021,299.40,306.80,288.00,297.70,292.960042060988433228,1902,175,557210.00,1273,66.93,18.80,-1.70
16-April-2021,288.80,299.40,287.45,299.40,298.194444444444444444,684,49,203965.00,515,75.29,11.95,10.60
15-April-2021,283.40,289.40,278.80,285.15,286.113961813842482100,1676,145,479527.00,1089,64.98,10.60,1.75
13-April-2021,288.00,295.00,278.95,281.45,283.205775075987841945,3290,247,931747.00,2896,88.02,16.05,-6.55
12-April-2021,292.90,296.85,289.75,289.85,291.024471635150166852,2697,136,784893.00,2056,76.23,7.10,-3.05
9-April-2021,309.85,315.00,295.80,305.00,306.099335602009398800,6171,416,1888939.00,3548,57.49,19.20,-4.85
8-April-2021,320.00,325.00,306.85,309.75,314.498860074095183813,7018,367,2207153.00,5370,76.52,18.15,-10.25
7-April-2021,330.00,337.70,316.45,322.95,326.374886918762438936,5527,523,1803874.00,3482,63.00,21.25,-7.05
6-April-2021,323.90,325.05,313.00,325.00,320.813810982795192081,4243,331,1361213.00,2666,62.83,12.05,1.10
5-April-2021,309.00,314.20,285.00,309.60,303.922858360562579911,14078,720,4278626.00,8519,60.51,29.20,0.60
1-April-2021,295.00,299.30,286.85,299.30,298.976360011392765593,3511,60,1049706.00,3425,97.55,12.45,4.30
31-March-2021,272.00,285.05,272.00,285.05,284.209448536015807436,5567,126,1582194.00,5444,97.79,13.05,13.05
30-March-2021,272.00,274.00,262.35,271.50,269.189925681255161023,1211,122,325989.00,984,81.26,11.65,-0.50
26-March-2021,265.20,274.95,263.00,271.90,270.626848691695108077,1758,156,475762.00,873,49.66,11.95,6.70
25-March-2021,277.95,278.00,263.10,265.05,268.737908496732026143,3060,164,822338.00,1982,64.77,14.90,-12.90
24-March-2021,279.00,285.00,258.55,272.25,267.587827280003048896,26239,1370,7021237.00,19020,72.49,26.45,-6.75
23-March-2021,269.60,272.15,260.00,272.15,270.871837828782040542,5969,128,1616834.00,4878,81.72,12.15,2.55
22-March-2021,251.10,259.20,247.50,259.20,257.214085139840503201,8903,305,2289977.00,8037,90.27,11.70,8.10
19-March-2021,232.10,250.00,215.60,246.90,240.362142823518335451,21243,1303,5106013.00,10190,47.97,34.40,14.80
18-March-2021,213.60,229.10,213.60,229.10,225.261787516927243629,16246,887,3659603.00,12148,74.78,15.50,15.50
17-March-2021,198.00,217.70,198.00,208.30,208.152686843730697961,8095,1031,1684996.00,3943,48.71,19.70,10.30
16-March-2021,199.90,200.10,195.00,199.50,196.036866359447004608,8463,114,1659060.00,7928,93.68,5.10,-0.40
15-March-2021,195.00,202.50,189.50,200.45,194.954498530929881680,12593,524,2455062.00,10835,86.04,13.00,5.45
12-March-2021,197.00,201.95,190.00,195.00,196.365080601199283544,12841,308,2521524.00,10914,84.99,11.95,-2.00
10-March-2021,195.10,197.25,192.00,194.00,195.140556368960468521,683,80,133281.00,558,81.70,5.25,-1.10
9-March-2021,201.00,202.00,191.25,191.75,195.481419855795895729,1803,167,352453.00,1211,67.17,10.75,-9.25
8-March-2021,187.00,202.00,184.00,195.75,196.157516605666259997,7377,433,1447054.00,4110,55.71,18.00,8.75
5-March-2021,196.50,196.50,183.00,186.85,187.276700284458236358,3867,202,724199.00,3305,85.47,13.50,-9.65
4-March-2021,198.00,198.00,189.90,196.05,195.102732240437158469,915,117,178519.00,833,91.04,8.10,-1.95
3-March-2021,200.25,204.00,195.00,197.65,200.291905587411654887,7499,297,1501989.00,6432,85.77,9.00,-2.60
2-March-2021,195.00,203.60,192.95,198.20,199.607214739123703359,12918,651,2578526.00,7192,55.67,10.65,3.20
1-March-2021,174.45,185.10,174.45,185.10,183.418079096045197740,3186,151,584370.00,2985,93.69,10.65,10.65
26-February-2021,168.95,170.85,166.50,168.30,168.048367952522255192,3370,192,566323.00,3173,94.15,4.35,-0.65
25-February-2021,171.10,176.00,169.50,169.50,170.953461314717859220,3438,218,587738.00,2978,86.62,6.50,-1.60
24-February-2021,173.85,173.85,168.00,170.00,169.816880552813425468,2026,53,344049.00,2001,98.77,5.85,-3.85
23-February-2021,176.00,177.10,169.35,169.55,172.840099420049710024,2414,91,417236.00,2201,91.18,7.75,-6.45
22-February-2021,171.85,173.50,170.05,172.10,172.153753993610223642,2504,80,431073.00,2359,94.21,3.45,0.25
19-February-2021,172.90,174.80,172.90,174.00,173.973786751682607155,2823,124,491128.00,2757,97.66,1.90,1.10
18-February-2021,175.15,176.00,172.00,174.15,172.471153846153846153,728,44,125559.00,603,82.83,4.00,-1.00
17-February-2021,178.70,178.70,170.00,172.20,172.078823159219634990,6356,201,1093733.00,5401,84.97,8.70,-6.50
16-February-2021,172.25,176.50,171.80,176.30,174.737078651685393258,4895,147,855338.00,4578,93.52,4.70,4.05
15-February-2021,175.00,175.00,169.90,173.65,171.859190556492411467,3558,216,611475.00,2883,81.03,5.10,-1.35
12-February-2021,181.00,187.45,176.70,180.55,184.151100987091875474,3951,237,727581.00,3042,76.99,10.75,-0.45
11-February-2021,177.50,182.15,176.60,180.15,177.592464436755094194,2601,71,461918.00,1945,74.78,5.55,2.65
10-February-2021,179.50,179.50,175.00,179.40,178.239373601789709172,894,30,159346.00,735,82.21,4.50,-0.10
9-February-2021,180.00,180.00,177.35,177.40,178.928110599078341013,1085,36,194137.00,1020,94.01,2.65,-2.60
8-February-2021,185.00,193.90,175.00,176.00,181.764809902740937223,7917,165,1439032.00,6169,77.92,18.90,-9.00
5-February-2021,178.05,180.35,177.95,178.95,179.700460829493087557,868,40,155980.00,710,81.80,2.40,0.90
4-February-2021,179.90,179.90,175.50,176.40,178.868995633187772925,687,29,122883.00,641,93.30,4.40,-3.50
3-February-2021,176.85,184.50,176.00,178.05,178.913271480435659540,2479,123,443526.00,2219,89.51,8.50,1.20
2-February-2021,178.00,184.45,172.60,176.20,177.463917525773195876,1067,81,189354.00,941,88.19,11.85,-1.80
1-February-2021,176.55,181.00,172.05,175.80,174.912524850894632206,503,69,87981.00,379,75.35,8.95,-0.75
29-January-2021,175.45,181.00,174.85,180.30,177.596581196581196581,585,53,103894.00,379,64.79,6.15,4.85
28-January-2021,168.95,178.50,168.95,174.75,174.334144856968959220,1643,85,286431.00,1184,72.06,9.55,5.80
27-January-2021,175.35,179.70,168.80,171.00,173.773426573426573426,715,43,124248.00,386,53.99,10.90,-4.35
25-January-2021,175.20,175.20,167.10,171.75,172.191377497371188222,951,86,163754.00,535,56.26,8.10,-3.45
22-January-2021,178.55,178.55,170.00,172.65,173.403460837887067395,2196,145,380794.00,1397,63.62,8.55,-5.90
21-January-2021,186.00,188.00,175.20,175.95,179.768673905890095426,6078,229,1092634.00,4716,77.59,12.80,-10.05
20-January-2021,176.35,181.15,176.35,181.15,180.940990772219524040,4118,147,745115.00,3882,94.27,4.80,4.80
19-January-2021,174.00,179.00,168.20,172.55,173.048675292667898952,3246,200,561716.00,2564,78.99,10.80,-1.45
18-January-2021,179.00,180.00,171.35,171.60,173.754357650096836668,6196,379,1076582.00,4875,78.68,8.65,-7.40
15-January-2021,187.00,189.75,179.00,180.35,182.765873015873015873,4788,511,875083.00,3747,78.26,10.75,-6.65
14-January-2021,192.40,193.80,185.00,187.70,189.333938294010889292,1102,102,208646.00,876,79.49,8.80,-4.70
13-January-2021,194.00,195.00,190.00,192.40,193.000531067445565586,1883,115,363420.00,1101,58.47,5.00,-1.60
12-January-2021,189.95,194.20,188.00,190.70,190.507734806629834254,3620,234,689638.00,3301,91.19,6.20,0.75
11-January-2021,200.85,200.85,188.20,189.60,191.355056179775280898,4450,325,851530.00,3268,73.44,12.65,-11.25
8-January-2021,196.25,202.50,195.00,197.65,198.859306862520082625,4357,306,866430.00,4017,92.20,7.50,1.40
7-January-2021,193.85,198.00,188.35,195.15,195.383701188455008488,4712,216,920648.00,3977,84.40,9.65,1.30
6-January-2021,199.05,203.00,190.00,190.20,193.855802047781569965,3516,300,681597.00,2698,76.73,13.00,-8.85
5-January-2021,199.90,203.95,194.00,198.80,200.782278481012658227,2370,161,475854.00,2189,92.36,9.95,-1.10
4-January-2021,203.90,210.80,197.25,198.95,203.348988627485024741,23038,1246,4684754.00,12379,53.73,13.55,-4.95
1-January-2021,220.50,220.50,202.75,204.80,206.580556251566023552,15964,1158,3297852.00,12511,78.37,17.75,-15.70
31-December-2020,228.00,230.00,211.95,213.40,216.565489937314417683,15155,935,3282050.00,9109,60.11,18.05,-14.60
30-December-2020,210.00,223.10,208.00,223.10,221.936365296062640728,49297,640,10940797.00,30775,62.43,15.10,13.10
29-December-2020,193.00,202.85,188.30,202.85,200.829146263572493080,9394,188,1886589.00,8656,92.14,14.55,9.85
28-December-2020,160.25,184.45,160.25,184.45,180.987850858818600754,7161,307,1296054.00,5848,81.66,24.20,24.20
24-December-2020,167.90,173.25,164.55,167.70,168.391070829137294394,5958,226,1003274.00,4953,83.13,8.70,-0.20
23-December-2020,164.75,172.15,160.00,168.20,166.262391573729863692,3228,275,536695.00,2225,68.93,12.15,3.45
22-December-2020,158.00,164.05,151.00,164.05,154.861842105263157894,152,14,23539.00,150,98.68,13.05,6.05
21-December-2020,178.85,178.85,161.00,161.40,164.387500000000000000,4240,205,697003.00,3551,83.75,17.85,-17.45
18-December-2020,182.05,182.05,172.80,178.80,175.438069705093833780,1865,92,327192.00,1633,87.56,9.25,-3.25
17-December-2020,190.45,194.00,182.00,182.05,184.525080906148867313,2472,109,456146.00,2105,85.15,12.00,-8.40
16-December-2020,181.00,188.80,181.00,185.05,184.716295427901524032,853,97,157563.00,685,80.30,7.80,4.05
15-December-2020,183.40,188.30,183.40,186.10,185.774193548387096774,713,65,132457.00,597,83.73,4.90,2.70
14-December-2020,177.05,190.15,174.00,186.90,182.342486024334100624,12164,741,2218014.00,5439,44.71,16.15,9.85
11-December-2020,173.10,182.55,173.10,181.55,179.056007226738934056,1107,92,198215.00,772,69.74,9.45,8.45
10-December-2020,174.00,175.80,170.00,173.80,172.645695364238410596,604,45,104278.00,395,65.40,5.80,-0.20
9-December-2020,179.00,179.95,177.10,178.10,177.531914893617021276,94,18,16688.00,75,79.79,2.85,-0.90
8-December-2020,183.45,183.50,175.90,177.20,177.177103718199608610,1022,47,181075.00,902,88.26,7.60,-6.25
7-December-2020,179.00,183.20,176.15,176.95,178.109409888357256778,3135,69,558373.00,3121,99.55,7.05,-2.05
4-December-2020,189.00,189.00,175.50,178.75,180.173824130879345603,489,48,88105.00,431,88.14,13.50,-10.25
3-December-2020,175.50,186.00,175.50,182.75,180.347176079734219269,1806,112,325707.00,1426,78.96,10.50,7.25
2-December-2020,173.55,181.30,172.75,181.30,178.905502392344497607,836,111,149565.00,559,66.87,8.55,7.75
1-December-2020,167.60,172.70,167.20,172.70,169.936720142602495543,1122,138,190669.00,1094,97.50,5.50,5.10
27-November-2020,166.50,169.40,164.00,164.50,167.367924528301886792,424,32,70964.00,226,53.30,5.40,-2.00
25-November-2020,166.40,166.40,166.40,166.40,166.400000000000000000,200,3,33280.00,200,100.00,0.00,0.00
24-November-2020,167.15,168.10,167.15,167.70,167.617647058823529411,68,5,11398.00,59,86.76,0.95,0.55
23-November-2020,167.50,171.00,167.00,168.55,168.258823529411764705,255,27,42906.00,247,96.86,4.00,1.05
20-November-2020,166.50,169.85,166.50,167.50,167.292196007259528130,551,58,92178.00,485,88.02,3.35,1.00
19-November-2020,170.00,171.00,166.50,167.10,168.218727139722019019,1367,51,229955.00,1247,91.22,4.50,-2.90
18-November-2020,168.10,169.40,164.00,168.95,166.239776951672862453,538,40,89437.00,336,62.45,5.40,0.85
17-November-2020,169.45,172.00,166.00,166.25,169.457652303120356612,2019,67,342135.00,1802,89.25,6.00,-3.20
14-November-2020,170.90,170.90,163.30,169.35,168.661290322580645161,434,15,73199.00,322,74.19,7.60,-1.55
13-November-2020,172.10,172.10,162.05,165.90,164.453349648210461914,3269,75,537598.00,2692,82.35,10.05,-6.20
12-November-2020,163.15,173.95,162.55,166.20,165.460191082802547770,1256,35,207818.00,1118,89.01,11.40,3.05
11-November-2020,172.00,175.00,167.00,168.30,169.300278035217794253,1079,61,182675.00,945,87.58,8.00,-3.70
10-November-2020,166.00,173.50,166.00,171.75,168.703137570394207562,3729,79,629094.00,3381,90.67,7.50,5.75
9-November-2020,160.00,166.00,160.00,166.00,164.732447817836812144,1054,21,173628.00,1054,100.00,6.00,6.00
6-November-2020,163.95,163.95,158.20,159.00,159.029801324503311258,302,3,48027.00,302,100.00,5.75,-4.95
5-November-2020,158.00,162.00,154.00,161.20,157.133333333333333333,750,14,117850.00,750,100.00,8.00,3.20
4-November-2020,156.50,161.95,155.50,155.50,156.271477663230240549,291,8,45475.00,291,100.00,6.45,-1.00
3-November-2020,151.25,160.00,151.25,154.50,156.589147286821705426,387,11,60600.00,387,100.00,8.75,3.25
2-November-2020,158.00,158.90,154.15,154.40,157.739495798319327731,2261,18,356649.00,2261,100.00,4.75,-3.60
29-October-2020,151.00,159.80,151.00,156.10,154.730812429801572444,2671,28,413286.00,2671,100.00,8.80,5.10
28-October-2020,152.20,157.00,152.20,157.00,153.145454545454545454,110,3,16846.00,110,100.00,4.80,4.80
27-October-2020,150.65,158.00,150.65,156.25,154.166666666666666666,552,14,85100.00,552,100.00,7.35,5.60
26-October-2020,155.00,158.00,155.00,158.00,155.506000000000000000,500,5,77753.00,500,100.00,3.00,3.00
23-October-2020,158.00,158.00,150.25,153.55,154.726666666666666666,1350,12,208881.00,1350,100.00,7.75,-4.45
22-October-2020,152.80,156.45,152.80,154.05,155.392497712717291857,1093,26,169844.00,1093,100.00,3.65,1.25
21-October-2020,152.50,154.00,149.00,149.00,150.819327731092436974,476,12,71790.00,476,100.00,5.00,-3.50
20-October-2020,140.60,153.95,140.60,152.40,148.064564564564564564,2664,45,394444.00,2664,100.00,13.35,11.80
19-October-2020,148.00,148.00,148.00,148.00,148.000000000000000000,820,6,121360.00,820,100.00,0.00,0.00
16-October-2020,144.95,144.95,142.00,143.95,142.447086801426872770,841,7,119798.00,841,100.00,2.95,-1.00
15-October-2020,147.25,147.25,137.50,138.30,139.949308755760368663,434,14,60738.00,434,100.00,9.75,-8.95
13-October-2020,139.15,148.90,139.15,144.00,144.750000000000000000,184,16,26634.00,184,100.00,9.75,4.85
12-October-2020,148.00,150.00,145.00,145.00,145.317073170731707317,287,10,41706.00,287,100.00,5.00,-3.00
9-October-2020,148.70,154.50,144.60,148.25,151.981675392670157068,1528,35,232228.00,1528,100.00,9.90,-0.45
8-October-2020,152.30,153.90,146.55,152.00,150.399026763990267639,2055,28,309070.00,2055,100.00,7.35,-0.30
7-October-2020,147.00,149.80,145.00,147.00,148.648106904231625835,449,10,66743.00,449,100.00,4.80,0.00
6-October-2020,143.05,148.00,143.05,146.60,144.352678571428571428,672,15,97005.00,672,100.00,4.95,3.55
5-October-2020,148.55,149.00,140.10,142.75,145.083687943262411347,2115,30,306852.00,2115,100.00,8.90,-5.80
1-October-2020,156.90,156.90,147.05,147.15,151.373134328358208955,1206,25,182556.00,1206,100.00,9.85,-9.75
30-September-2020,153.40,153.40,149.00,150.55,150.919121585431173004,1867,32,281766.00,1867,100.00,4.40,-2.85
29-September-2020,157.90,158.00,153.50,154.20,155.917727413846631480,3221,30,502211.00,3221,100.00,4.50,-3.70
28-September-2020,149.00,155.00,149.00,150.55,151.325757575757575757,132,5,19975.00,132,100.00,6.00,1.55
25-September-2020,146.65,155.00,146.05,151.85,150.398568019093078758,838,17,126034.00,838,100.00,8.95,5.20
24-September-2020,154.90,154.90,146.60,150.60,153.185164528722810931,3586,46,549322.00,3586,100.00,8.30,-4.30
23-September-2020,148.05,153.25,146.20,152.70,149.134146341463414634,492,16,73374.00,492,100.00,7.05,4.65
21-September-2020,168.90,168.90,153.10,153.25,158.634669678147939017,1771,40,280942.00,1771,100.00,15.80,-15.65
18-September-2020,160.00,170.65,160.00,161.00,161.648000000000000000,750,21,121236.00,750,100.00,10.65,1.00
17-September-2020,172.65,172.65,159.50,162.65,167.281512605042016806,952,22,159252.00,952,100.00,13.15,-10.00
16-September-2020,164.45,164.45,162.00,164.45,164.415584415584415584,2156,30,354480.00,2156,100.00,2.45,0.00
15-September-2020,155.00,156.65,155.00,156.65,155.958677685950413223,363,12,56613.00,363,100.00,1.65,1.65
14-September-2020,148.95,149.20,145.50,149.20,148.962716378162450066,751,17,111871.00,751,100.00,3.70,0.25
11-September-2020,144.50,144.50,141.25,142.10,142.221731448763250883,1132,30,160995.00,1132,100.00,3.25,-2.40
10-September-2020,146.95,146.95,140.00,145.95,143.058999253174010455,1339,60,191556.00,1339,100.00,6.95,-1.00
9-September-2020,139.20,147.00,137.75,144.75,139.448856799037304452,831,20,115882.00,831,100.00,9.25,5.55
8-September-2020,146.00,150.50,144.90,144.90,145.633024118738404452,2695,65,392481.00,2695,100.00,5.60,-1.10
7-September-2020,149.00,152.50,141.00,152.50,142.747863247863247863,1170,10,167015.00,1170,100.00,11.50,3.50
4-September-2020,149.95,150.00,145.00,146.70,148.626415094339622641,530,12,78772.00,530,100.00,5.00,-3.25
3-September-2020,150.00,154.50,145.05,149.95,150.593828489415141729,2787,32,419705.00,2787,100.00,9.45,-0.05
2-September-2020,153.80,153.80,147.55,148.15,151.045064377682403433,466,9,70387.00,466,100.00,6.25,-5.65
1-September-2020,150.15,157.50,150.10,150.70,150.774924471299093655,1324,46,199626.00,1324,100.00,7.40,0.55
31-August-2020,162.05,163.00,158.00,158.00,159.357021034678794769,1759,61,280309.00,1759,100.00,5.00,-4.05
28-August-2020,162.65,169.00,162.65,166.30,166.881550610193826274,1393,64,232466.00,1393,100.00,6.35,3.65
27-August-2020,173.85,173.90,163.00,169.45,168.240316534777176176,2401,49,403945.00,2401,100.00,10.90,-4.40
26-August-2020,174.60,174.60,161.60,169.85,166.976839745984310795,5354,85,893994.00,5354,100.00,13.00,-4.75
25-August-2020,174.90,174.90,165.25,170.00,169.502558048012593467,2541,76,430706.00,2541,100.00,9.65,-4.90
24-August-2020,184.00,184.00,168.10,171.25,172.506098821583626214,4837,85,834412.00,4837,100.00,15.90,-12.75
21-August-2020,170.00,182.90,168.90,175.75,177.187660393498716852,9352,122,1657059.00,9352,100.00,14.00,5.75
20-August-2020,175.00,178.85,168.55,174.60,171.128619263344494780,5077,129,868820.00,5077,100.00,10.30,-0.40
19-August-2020,183.00,183.50,175.30,177.40,179.470179290157336260,2733,47,490492.00,2733,100.00,8.20,-5.60
18-August-2020,188.70,191.00,175.25,178.90,184.295283492222779729,3986,63,734601.00,3986,100.00,15.75,-9.80
17-August-2020,191.90,191.90,180.00,182.15,183.946645743428795606,5098,301,937760.00,3665,71.89,11.90,-9.75
14-August-2020,187.00,187.00,168.00,174.75,174.138778747026169706,3783,360,658767.00,1776,46.95,19.00,-12.25
13-August-2020,178.40,190.00,175.30,183.00,185.838420882321216697,9271,340,1722908.00,4189,45.18,14.70,4.60
12-August-2020,195.20,199.00,180.00,183.25,186.943355786895284751,3266,186,610557.00,2021,61.88,19.00,-11.95
11-August-2020,194.20,199.30,188.00,191.35,193.303911015428776462,11148,761,2154952.00,6065,54.40,11.30,-2.85
10-August-2020,188.25,198.00,180.00,190.90,186.802933031218529707,15888,830,2967925.00,5997,37.75,18.00,2.65
7-August-2020,190.00,201.65,181.00,188.25,195.070325021676870122,76118,2550,14848363.00,30274,39.77,20.65,-1.75
6-August-2020,154.00,183.35,154.00,183.35,174.523452944347930270,50079,1396,8739960.00,18511,36.96,29.35,29.35
5-August-2020,153.30,156.70,149.00,152.80,153.835188356164383561,14016,490,2156154.00,6583,46.97,7.70,-0.50
4-August-2020,135.65,159.00,125.00,151.20,149.885651721099153470,37447,1782,5612768.00,11936,31.87,34.00,15.55
3-August-2020,130.65,135.80,127.00,135.30,132.583281347473487211,3206,193,425062.00,1455,45.38,8.80,4.65
31-July-2020,130.85,130.85,126.60,130.05,129.675411836485661989,1639,104,212538.00,1535,93.65,4.25,-0.80
30-July-2020,135.25,135.75,127.70,129.40,131.618346545866364665,5298,271,697314.00,1727,32.60,8.05,-5.85
29-July-2020,131.60,141.00,131.60,134.70,136.529505582137161084,1881,222,256812.00,1275,67.78,9.40,3.10
28-July-2020,131.55,131.85,128.95,129.05,130.343049327354260089,446,94,58133.00,310,69.51,2.90,-2.50
27-July-2020,130.65,132.00,129.00,130.50,130.023395721925133689,1496,75,194515.00,1253,83.76,3.00,-0.15
24-July-2020,134.50,136.00,132.00,133.70,133.813883901855176540,1671,90,223603.00,864,51.71,4.00,-0.80
23-July-2020,130.95,146.20,129.00,138.10,140.452599639166803345,12194,714,1712679.00,3251,26.66,17.20,7.15
22-July-2020,134.50,137.00,126.10,128.15,129.200643776824034334,932,106,120415.00,782,83.91,10.90,-6.35
21-July-2020,131.35,133.25,131.00,131.05,131.273489932885906040,1192,66,156478.00,960,80.54,2.25,-0.30
20-July-2020,130.00,131.35,128.50,131.00,130.965694682675814751,583,48,76353.00,510,87.48,2.85,1.00
17-July-2020,133.00,133.00,126.00,127.00,127.510638297872340425,1598,126,203762.00,1192,74.59,7.00,-6.00
16-July-2020,128.00,133.25,128.00,132.35,131.296000000000000000,125,26,16412.00,86,68.80,5.25,4.35
15-July-2020,133.00,136.50,130.00,131.95,132.388287068381855111,2954,342,391075.00,2092,70.82,6.50,-1.05
14-July-2020,132.50,137.20,126.10,134.25,131.054991166077738515,9056,431,1186834.00,1449,16.00,11.10,1.75
13-July-2020,137.75,141.40,129.10,131.00,135.788302277432712215,3864,203,524686.00,2476,64.08,12.30,-6.75
10-July-2020,136.60,137.25,132.45,133.95,134.677255400254129606,1574,122,211982.00,989,62.83,4.80,-2.65
9-July-2020,143.20,143.20,137.30,137.30,140.680981595092024539,1630,108,229310.00,731,44.85,5.90,-5.90
8-July-2020,141.50,149.90,137.00,140.50,144.951052826006649427,21656,838,3139060.00,6143,28.37,12.90,-1.00
7-July-2020,136.90,139.00,134.00,134.80,137.347921225382932166,914,73,125536.00,671,73.41,5.00,-2.10
6-July-2020,144.95,144.95,134.20,136.10,139.585935450013119916,3811,282,531962.00,2025,53.14,10.75,-8.85
3-July-2020,129.20,139.50,129.20,133.40,134.637674418604651162,2150,267,289471.00,1415,65.81,10.30,4.20
2-July-2020,123.10,132.00,123.10,130.00,129.236842105263157894,722,70,93309.00,394,54.57,8.90,6.90
1-July-2020,126.60,129.90,124.55,128.25,127.375294672324375294,2121,134,270163.00,1717,80.95,5.35,1.65
30-June-2020,130.00,130.00,127.75,127.75,128.649225840896956753,1873,102,240960.00,379,20.23,2.25,-2.25
29-June-2020,130.90,135.80,127.00,128.55,131.013574660633484162,1105,116,144770.00,1014,91.76,8.80,-2.35
26-June-2020,124.00,141.50,123.35,133.10,135.381086920392222037,6017,444,814588.00,3069,51.01,18.15,9.10
25-June-2020,121.25,126.80,119.00,124.40,121.527472527472527472,1092,102,132708.00,953,87.27,7.80,3.15
24-June-2020,127.15,127.90,121.00,124.05,124.882998171846435100,547,52,68311.00,348,63.62,6.90,-3.10
23-June-2020,127.65,127.70,126.10,127.15,127.352601156069364161,173,23,22032.00,69,39.88,1.60,-0.50
22-June-2020,123.70,127.00,122.35,123.95,124.528449502133712660,1406,102,175087.00,1242,88.34,4.65,0.25
19-June-2020,125.30,125.30,124.65,125.20,124.948979591836734693,98,4,12245.00,95,96.94,0.65,-0.10
18-June-2020,124.05,126.55,123.00,123.00,124.492783505154639175,485,35,60379.00,345,71.13,3.55,-1.05
17-June-2020,122.40,123.90,121.00,121.20,121.955929487179487179,1248,78,152201.00,1153,92.39,2.90,-1.20
16-June-2020,124.50,128.80,118.00,122.40,122.767244428723027944,2827,219,347063.00,2213,78.28,10.80,-2.10
15-June-2020,122.95,125.20,121.90,123.80,123.444767441860465116,688,46,84930.00,595,86.48,3.30,0.85
12-June-2020,122.00,126.95,120.00,124.00,121.957528957528957528,259,38,31587.00,211,81.47,6.95,2.00
11-June-2020,130.00,131.30,122.90,124.45,127.962516733601070950,747,46,95588.00,647,86.61,8.40,-5.55
10-June-2020,129.85,132.30,129.45,130.00,131.026470588235294117,340,20,44549.00,216,63.53,2.85,0.15
9-June-2020,138.90,144.45,125.10,128.20,137.350061199510403916,2451,182,336645.00,1322,53.94,19.35,-10.70
8-June-2020,124.00,144.75,123.70,135.90,136.873815165876777251,3376,239,462086.00,1661,49.20,21.05,11.90
5-June-2020,123.90,124.20,122.40,122.40,122.894927536231884057,276,35,33919.00,250,90.58,1.80,-1.50
4-June-2020,126.50,126.50,120.10,121.20,122.732323232323232323,198,29,24301.00,140,70.71,6.40,-5.30
3-June-2020,130.00,136.80,122.00,126.60,130.378211991434689507,3736,239,487093.00,1533,41.03,14.80,-3.40
2-June-2020,124.00,128.80,120.60,128.80,125.959432048681541582,2465,114,310490.00,1494,60.61,8.20,4.80
1-June-2020,118.90,119.10,117.10,117.10,118.194510739856801909,838,33,99047.00,561,66.95,2.00,-1.80
29-May-2020,114.50,115.35,114.00,114.65,114.432188065099457504,553,32,63281.00,502,90.78,1.35,0.15
28-May-2020,116.25,117.00,114.75,114.75,115.326370757180156657,383,31,44170.00,376,98.17,2.25,-1.50
27-May-2020,116.90,116.90,114.90,115.15,115.893719806763285024,207,19,23990.00,205,99.03,2.00,-1.75
26-May-2020,117.00,117.00,116.70,116.70,116.954545454545454545,110,8,12865.00,110,100.00,0.30,-0.30
22-May-2020,116.50,126.80,116.00,117.00,117.200000000000000000,65,12,7618.00,55,84.62,10.80,0.50
20-May-2020,117.40,117.40,117.40,117.40,117.400000000000000000,25,4,2935.00,25,100.00,0.00,0.00
18-May-2020,127.80,127.80,117.55,117.60,120.916666666666666666,372,33,44981.00,257,69.09,10.25,-10.20
15-May-2020,122.05,122.35,121.15,122.20,121.875000000000000000,400,30,48750.00,400,100.00,1.20,0.15
14-May-2020,127.00,127.00,122.05,122.05,125.062500000000000000,80,10,10005.00,40,50.00,4.95,-4.95
13-May-2020,121.30,123.60,118.40,123.20,122.360189573459715639,211,16,25818.00,203,96.21,5.20,1.90
12-May-2020,120.00,120.00,118.35,118.35,119.000000000000000000,2,2,238.00,0,0.00,1.65,-1.65
8-May-2020,118.85,118.85,117.00,117.00,117.146788990825688073,109,6,12769.00,109,100.00,1.85,-1.85
7-May-2020,124.00,124.00,114.10,116.35,117.606410256410256410,780,33,91733.00,736,94.36,9.90,-7.65
6-May-2020,125.00,125.00,118.20,118.70,119.017123287671232876,292,17,34753.00,220,75.34,6.80,-6.30
5-May-2020,123.75,123.75,123.00,123.05,123.717054263565891472,258,9,31919.00,256,99.22,0.75,-0.70
4-May-2020,119.95,125.35,118.00,124.20,121.437079233557742102,1931,49,234495.00,1772,91.77,7.35,4.25
30-April-2020,125.00,128.00,121.20,121.80,125.194682675814751286,1166,27,145977.00,644,55.23,6.80,-3.20
28-April-2020,122.00,124.85,120.25,122.85,123.177453027139874739,479,17,59002.00,431,89.98,4.60,0.85
27-April-2020,122.50,122.50,120.05,120.05,121.163346613545816733,251,5,30412.00,251,100.00,2.45,-2.45
24-April-2020,116.00,116.00,115.30,116.00,115.333333333333333333,42,3,4844.00,41,97.62,0.70,0.00
23-April-2020,120.00,125.00,115.20,121.00,122.435612082670906200,629,16,77012.00,463,73.61,9.80,1.00
22-April-2020,120.00,122.00,118.35,122.00,120.819383259911894273,227,7,27426.00,226,99.56,3.65,2.00
21-April-2020,116.00,124.00,116.00,118.00,120.354401805869074492,443,25,53317.00,421,95.03,8.00,2.00
20-April-2020,120.00,124.00,119.00,119.05,120.259259259259259259,405,13,48705.00,260,64.20,5.00,-0.95
17-April-2020,114.70,123.00,114.70,118.35,118.693245778611632270,1066,40,126527.00,665,62.38,8.30,3.65
16-April-2020,117.00,117.90,113.50,116.50,115.578284052350945225,2063,89,238438.00,1882,91.23,4.40,-0.50
15-April-2020,113.00,130.00,113.00,116.00,122.458226924480116745,2741,171,335658.00,2010,73.33,17.00,3.00
13-April-2020,120.00,127.40,109.10,125.50,117.671809623430962343,3824,243,449977.00,2848,74.48,18.30,5.50
9-April-2020,110.90,121.45,106.00,118.15,115.520809381467003908,4349,135,502400.00,2731,62.80,15.45,7.25
8-April-2020,109.90,110.55,104.70,110.45,109.206774014436424208,9005,264,983407.00,3956,43.93,5.85,0.55
7-April-2020,100.00,100.50,87.85,100.50,96.772406300923411189,11046,358,1068948.00,4547,41.16,12.65,0.50
3-April-2020,72.25,84.00,72.10,83.75,81.765830964073403980,3869,318,316352.00,1969,50.89,11.90,11.50
1-April-2020,69.05,75.00,68.00,70.00,70.311294765840220385,1089,75,76569.00,424,38.93,7.00,0.95
31-March-2020,63.85,66.85,63.85,65.55,65.441860465116279069,172,8,11256.00,102,59.30,3.00,1.70
30-March-2020,64.00,68.75,60.90,63.40,66.207468134761534318,16711,34,1106393.00,633,3.79,7.85,-0.60
27-March-2020,75.80,75.80,63.45,67.00,69.833652007648183556,523,57,36523.00,437,83.56,12.35,-8.80
26-March-2020,71.20,75.00,65.00,68.75,70.724764468371467025,1486,82,105097.00,1359,91.45,10.00,-2.45
25-March-2020,66.90,70.35,65.00,68.00,68.774319066147859922,257,15,17675.00,210,81.71,5.35,1.10
24-March-2020,71.65,76.65,71.00,76.65,71.368627450980392156,255,27,18199.00,252,98.82,5.65,5.00
23-March-2020,82.75,82.75,69.30,72.10,73.944315545243619489,431,28,31870.00,394,91.42,13.45,-10.65
20-March-2020,84.00,84.80,72.95,82.75,79.160919540229885057,2088,129,165288.00,1645,78.78,11.85,-1.25
19-March-2020,77.00,79.00,74.20,77.05,76.659829059829059829,585,34,44846.00,214,36.58,4.80,0.05
18-March-2020,84.30,84.30,80.00,80.45,82.824152542372881355,1888,157,156372.00,700,37.08,4.30,-3.85
17-March-2020,86.30,89.55,84.00,84.70,86.754664823773324118,1447,22,125534.00,406,28.06,5.55,-1.60
16-March-2020,83.80,90.85,83.80,88.90,87.262806236080178173,449,30,39181.00,371,82.63,7.05,5.10
13-March-2020,88.00,95.00,80.45,91.35,83.020057306590257879,349,25,28974.00,312,89.40,14.55,3.35
12-March-2020,118.95,118.95,86.85,88.75,92.518826135105204872,1806,252,167089.00,1520,84.16,32.10,-30.20
11-March-2020,99.20,100.60,99.20,100.55,100.461904761904761904,210,4,21097.00,210,100.00,1.40,1.35
9-March-2020,103.00,104.35,99.00,101.10,102.252941176470588235,510,37,52149.00,389,76.27,5.35,-1.90
6-March-2020,113.05,113.05,107.00,108.55,108.468139337298215802,1177,35,127667.00,877,74.51,6.05,-4.50
5-March-2020,117.00,117.50,113.05,114.90,117.116935483870967741,1488,68,174270.00,1188,79.84,4.45,-2.10
4-March-2020,118.80,119.65,114.20,116.55,116.543508287292817679,1448,63,168755.00,800,55.25,5.45,-2.25
3-March-2020,117.75,119.20,113.25,118.25,116.227406679764243614,2036,165,236639.00,1238,60.81,5.95,0.50
2-March-2020,122.45,123.90,112.00,114.30,119.164700742682394058,2289,140,272768.00,1944,84.93,11.90,-8.15
28-February-2020,133.00,142.90,109.20,116.55,133.067483165804625744,20494,582,2727085.00,7661,37.38,33.70,-16.45
27-February-2020,125.50,137.00,124.50,131.05,132.099298333542162636,15962,844,2108569.00,3113,19.50,12.50,5.55
26-February-2020,117.00,122.20,117.00,119.00,118.435988902100673801,2523,96,298814.00,1345,53.31,5.20,2.00
25-February-2020,119.00,121.95,116.05,120.05,119.717065868263473053,1336,46,159942.00,1329,99.48,5.90,1.05
24-February-2020,125.55,128.00,108.00,118.75,119.739287433798748194,4154,128,497397.00,1861,44.80,20.00,-6.80
20-February-2020,122.00,129.00,118.00,124.00,122.814320388349514563,3296,130,404796.00,2383,72.30,11.00,2.00
19-February-2020,122.00,123.70,120.55,120.55,121.379480840543881334,809,34,98196.00,805,99.51,3.15,-1.45
18-February-2020,125.00,130.00,118.00,121.95,121.056618209640397857,3921,124,474663.00,1937,49.40,12.00,-3.05
17-February-2020,125.50,129.95,120.00,122.55,123.543333333333333333,300,53,37063.00,177,59.00,9.95,-2.95
14-February-2020,124.00,126.45,122.40,124.95,125.104905018429259994,3527,232,441245.00,2269,64.33,4.05,0.95
13-February-2020,126.25,129.20,125.70,126.05,126.460616438356164383,584,72,73853.00,445,76.20,3.50,-0.20
12-February-2020,127.65,132.30,126.00,126.90,127.736564805057955742,2847,220,363666.00,2516,88.37,6.30,-0.75
11-February-2020,130.85,132.20,129.10,130.90,130.207702888583218707,727,36,94661.00,410,56.40,3.10,0.05
10-February-2020,130.85,137.90,127.45,128.90,131.138970588235294117,4080,314,535047.00,3220,78.92,10.45,-1.95
7-February-2020,133.00,133.00,127.70,127.70,130.514925373134328358,402,25,52467.00,402,100.00,5.30,-5.30
6-February-2020,134.20,135.30,128.95,129.20,130.723600692440854010,1733,112,226544.00,1269,73.23,6.35,-5.00
5-February-2020,128.00,136.15,128.00,131.40,131.733128834355828220,326,76,42945.00,239,73.31,8.15,3.40
4-February-2020,126.25,136.00,125.50,127.60,128.310679611650485436,1236,286,158592.00,996,80.58,10.50,1.35
3-February-2020,126.00,128.50,121.50,125.10,124.357798165137614678,327,44,40665.00,284,86.85,7.00,-0.90
1-February-2020,131.20,134.00,126.00,126.00,130.391812865497076023,342,39,44594.00,290,84.80,8.00,-5.20
31-January-2020,134.65,142.50,131.10,135.70,134.394572025052192066,479,30,64375.00,426,88.94,11.40,1.05
30-January-2020,132.95,136.70,132.85,134.80,134.000000000000000000,3,3,402.00,1,33.33,3.85,1.85
29-January-2020,137.60,139.65,133.05,133.50,134.404761904761904761,42,13,5645.00,34,80.95,6.60,-4.10
28-January-2020,136.70,136.70,134.90,134.90,135.692682926829268292,205,15,27817.00,203,99.02,1.80,-1.80
27-January-2020,134.85,143.00,134.85,135.50,140.003831417624521072,783,35,109623.00,748,95.53,8.15,0.65
24-January-2020,140.80,140.80,132.00,134.60,135.504629629629629629,864,91,117076.00,739,85.53,8.80,-6.20
23-January-2020,143.95,143.95,135.20,136.10,136.974079126875852660,733,139,100402.00,615,83.90,8.75,-7.85
22-January-2020,141.00,142.00,138.35,138.60,139.014431239388794567,3534,75,491277.00,3453,97.71,3.65,-2.40
21-January-2020,142.00,145.00,138.30,142.70,142.984326018808777429,957,83,136836.00,424,44.31,6.70,0.70
20-January-2020,142.00,149.80,136.50,141.35,143.077899085275892593,3389,209,484891.00,1626,47.98,13.30,-0.65
17-January-2020,136.00,156.95,134.30,138.10,151.375094784733338950,35607,2163,5390013.00,17584,49.38,22.65,2.10
16-January-2020,128.55,133.00,127.05,130.80,131.223684210526315789,304,82,39892.00,250,82.24,5.95,2.25
15-January-2020,129.90,129.90,128.10,128.20,129.817307692307692307,104,11,13501.00,101,97.12,1.80,-1.70
14-January-2020,132.80,132.80,131.00,131.00,131.537815126050420168,119,19,15653.00,77,64.71,1.80,-1.80
13-January-2020,132.15,132.15,127.10,130.90,128.430894308943089430,123,10,15797.00,102,82.93,5.05,-1.25
10-January-2020,132.00,132.00,126.00,128.15,127.422273781902552204,431,44,54919.00,200,46.40,6.00,-3.85
9-January-2020,129.80,130.00,129.25,130.00,129.786206896551724137,290,24,37638.00,264,91.03,0.75,0.20
8-January-2020,129.00,130.00,125.25,125.35,125.729166666666666666,48,8,6035.00,45,93.75,4.75,-3.65
7-January-2020,129.00,134.90,129.00,129.75,131.363636363636363636,11,7,1445.00,5,45.45,5.90,0.75
6-January-2020,126.25,128.75,124.10,124.60,124.825136612021857923,183,13,22843.00,132,72.13,4.65,-1.65
3-January-2020,131.00,134.95,127.10,130.35,131.400932400932400932,429,15,56371.00,320,74.59,7.85,-0.65
2-January-2020,135.00,142.00,128.95,133.00,134.187930121757543673,1889,218,253481.00,1191,63.05,13.05,-2.00
1-January-2020,131.45,137.00,126.50,133.00,132.509823182711198428,1018,174,134895.00,242,23.77,10.50,1.55
31-December-2019,141.05,151.95,129.80,134.70,143.798121414029243013,21612,1283,3107765.00,4008,18.55,22.15,-6.35
30-December-2019,114.95,132.00,114.95,132.00,128.500294985250737463,3390,630,435616.00,1874,55.28,17.05,17.05
26-December-2019,110.00,110.00,110.00,110.00,110.000000000000000000,101,3,11110.00,101,100.00,0.00,0.00
24-December-2019,109.65,109.65,109.65,109.65,109.650000000000000000,100,2,10965.00,100,100.00,0.00,0.00
23-December-2019,106.00,109.00,106.00,108.55,108.554455445544554455,101,4,10964.00,100,99.01,3.00,2.55
20-December-2019,97.05,110.95,97.05,104.10,99.813333333333333333,75,8,7486.00,61,81.33,13.90,7.05
19-December-2019,108.70,109.75,103.20,106.05,104.672131147540983606,122,10,12770.00,61,50.00,6.55,-2.65
17-December-2019,104.05,105.00,104.05,105.00,104.500000000000000000,8,4,836.00,4,50.00,0.95,0.95
16-December-2019,108.00,111.95,102.40,103.50,105.813559322033898305,118,43,12486.00,63,53.39,9.55,-4.50
13-December-2019,105.10,106.80,105.00,106.80,105.148148148148148148,27,5,2839.00,25,92.59,1.80,1.70
12-December-2019,100.00,111.80,100.00,109.85,105.335078534031413612,382,87,40238.00,275,71.99,11.80,9.85
11-December-2019,114.85,114.90,104.00,107.70,107.837944664031620553,506,401,54566.00,442,87.35,10.90,-7.15
10-December-2019,112.00,112.00,110.50,110.50,111.854545454545454545,55,41,6152.00,55,100.00,1.50,-1.50
6-December-2019,116.20,116.20,112.50,112.55,114.050000000000000000,60,4,6843.00,35,58.33,3.70,-3.65
5-December-2019,116.80,116.80,116.65,116.75,116.725000000000000000,200,2,23345.00,200,100.00,0.15,-0.05
4-December-2019,114.10,114.10,114.10,114.10,114.100000000000000000,10,9,1141.00,10,100.00,0.00,0.00
3-December-2019,113.55,113.55,111.35,111.90,111.916666666666666666,36,11,4029.00,36,100.00,2.20,-1.65
2-December-2019,116.00,116.00,116.00,116.00,116.000000000000000000,101,3,11716.00,100,99.01,0.00,0.00
29-November-2019,117.00,119.00,117.00,118.50,118.000000000000000000,3,3,354.00,1,33.33,2.00,1.50
28-November-2019,117.00,118.80,113.55,116.95,115.329558766106989457,2561,207,295359.00,2193,85.63,5.25,-0.05
27-November-2019,120.15,120.15,114.05,117.05,117.580246913580246913,81,21,9524.00,46,56.79,6.10,-3.10
26-November-2019,119.00,119.00,114.05,115.30,116.232926829268292682,820,22,95311.00,688,83.90,4.95,-3.70
25-November-2019,120.00,123.75,113.20,115.85,117.310391363022941970,741,107,86927.00,645,87.04,10.55,-4.15
19-November-2019,123.00,123.00,123.00,123.00,123.000000000000000000,5,4,615.00,5,100.00,0.00,0.00
18-November-2019,125.65,125.65,115.00,120.95,121.222222222222222222,630,131,76370.00,371,58.89,10.65,-4.70
15-November-2019,133.90,133.95,122.70,123.60,133.203703703703703703,54,6,7193.00,51,94.44,11.25,-10.30
14-November-2019,129.10,129.10,124.05,125.65,125.203389830508474576,118,15,14774.00,112,94.92,5.05,-3.45
13-November-2019,128.00,129.30,127.20,128.95,128.047169811320754716,106,16,13573.00,100,94.34,2.10,0.95
11-November-2019,134.00,136.10,127.10,129.35,131.230590961761297798,1726,148,226504.00,1576,91.31,9.00,-4.65
8-November-2019,128.20,138.80,122.00,134.85,131.865724381625441696,283,55,37318.00,241,85.16,16.80,6.65
7-November-2019,139.70,139.75,136.00,136.25,136.851063829787234042,47,4,6432.00,47,100.00,3.75,-3.45
6-November-2019,135.00,139.55,135.00,137.25,135.569029850746268656,536,104,72665.00,476,88.81,4.55,2.25
5-November-2019,139.60,139.60,127.00,134.70,133.905063291139240506,316,20,42314.00,168,53.16,12.60,-4.90
4-November-2019,133.60,133.60,129.55,131.95,131.951086956521739130,552,76,72837.00,263,47.64,4.05,-1.65
1-November-2019,136.90,138.80,131.55,135.15,135.589285714285714285,112,32,15186.00,49,43.75,7.25,-1.75
31-October-2019,140.00,142.55,138.00,138.90,140.013349514563106796,824,47,115371.00,772,93.69,4.55,-1.10
30-October-2019,137.80,141.95,132.30,136.05,138.142609126984126984,4032,348,556991.00,2134,52.93,9.65,-1.75
29-October-2019,129.95,134.75,129.00,131.90,131.218750000000000000,64,29,8398.00,56,87.50,5.75,1.95
27-October-2019,121.00,127.95,121.00,127.80,127.272727272727272727,66,5,8400.00,66,100.00,6.95,6.80
25-October-2019,121.30,125.00,120.00,121.50,121.338345864661654135,665,35,80690.00,550,82.71,5.00,0.20
24-October-2019,135.70,135.70,123.20,123.65,126.151943462897526501,283,56,35701.00,254,89.75,12.50,-12.05
23-October-2019,130.00,136.00,126.10,127.75,129.933035714285714285,224,44,29105.00,179,79.91,9.90,-2.25
22-October-2019,128.85,145.00,128.85,131.55,133.007183908045977011,3480,479,462865.00,1822,52.36,16.15,2.70
18-October-2019,120.00,127.90,119.00,125.75,121.556451612903225806,124,10,15073.00,91,73.39,8.90,5.75
17-October-2019,118.20,125.00,118.20,121.75,121.682926829268292682,287,15,34923.00,107,37.28,6.80,3.55
16-October-2019,123.05,128.30,123.05,127.50,127.465408805031446540,159,5,20267.00,159,100.00,5.25,4.45
15-October-2019,129.95,130.00,122.25,124.20,124.752941176470588235,255,17,31812.00,112,43.92,7.75,-5.75
14-October-2019,124.90,125.00,124.30,124.95,124.936111111111111111,360,29,44977.00,360,100.00,0.70,0.05
11-October-2019,134.95,134.95,120.00,122.85,123.528571428571428571,140,21,17294.00,59,42.14,14.95,-12.10
10-October-2019,116.55,125.95,116.55,125.95,122.285714285714285714,7,7,856.00,3,42.86,9.40,9.40
9-October-2019,119.00,130.90,119.00,124.50,124.581818181818181818,55,27,6852.00,39,70.91,11.90,5.50
7-October-2019,130.90,134.00,118.00,118.70,121.305084745762711864,649,67,78727.00,390,60.09,16.00,-12.20
4-October-2019,119.00,121.30,119.00,121.30,120.289473684210526315,38,5,4571.00,20,52.63,2.30,2.30
3-October-2019,118.00,121.00,116.50,119.45,119.315789473684210526,361,15,43073.00,271,75.07,4.50,1.45
1-October-2019,120.40,130.90,118.55,118.85,119.706552706552706552,351,105,42017.00,343,97.72,12.35,-1.55
30-September-2019,119.00,127.50,114.00,124.50,125.805268109125117591,1063,54,133731.00,505,47.51,13.50,5.50
27-September-2019,123.05,128.75,119.05,122.05,123.337349397590361445,83,15,10237.00,56,67.47,9.70,-1.00
26-September-2019,130.05,130.05,121.60,126.60,123.451923076923076923,728,24,89873.00,581,79.81,8.45,-3.45
25-September-2019,121.15,127.00,120.00,123.20,122.273291925465838509,644,31,78744.00,374,58.07,7.00,2.05
24-September-2019,127.95,128.00,118.50,122.80,122.920570264765784114,491,37,60354.00,407,82.89,9.50,-5.15
23-September-2019,132.95,134.00,118.55,121.15,125.211895910780669144,269,19,33682.00,186,69.14,15.45,-11.80
20-September-2019,114.00,128.95,110.05,121.20,122.237926593689632968,3106,110,379671.00,1599,51.48,18.90,7.20
19-September-2019,120.00,120.05,116.00,118.00,117.720000000000000000,200,17,23544.00,129,64.50,4.05,-2.00
18-September-2019,126.00,126.55,119.35,122.95,123.178571428571428571,224,12,27592.00,210,93.75,7.20,-3.05
17-September-2019,127.00,129.90,125.00,126.95,126.965909090909090909,88,8,11173.00,85,96.59,4.90,-0.05
16-September-2019,137.95,142.00,126.25,130.20,132.877252252252252252,3552,194,471980.00,2185,61.51,15.75,-7.75
13-September-2019,114.30,137.15,114.30,136.10,132.378317409766454352,15072,718,1995206.00,5054,33.53,22.85,21.80
12-September-2019,115.00,116.60,113.00,114.30,114.590747330960854092,281,8,32200.00,235,83.63,3.60,-0.70
11-September-2019,108.00,114.40,101.05,114.35,111.125000000000000000,256,22,28448.00,120,46.88,13.35,6.35
9-September-2019,105.20,119.70,105.20,111.25,112.397046046915725456,1151,171,129369.00,355,30.84,14.50,6.05
6-September-2019,103.50,106.80,103.50,103.55,103.534090909090909090,176,8,18222.00,175,99.43,3.30,0.05
5-September-2019,103.95,104.70,100.80,104.70,103.870689655172413793,116,10,12049.00,66,56.90,3.90,0.75
4-September-2019,104.40,104.40,103.50,103.95,103.920000000000000000,25,3,2598.00,25,100.00,0.90,-0.45
3-September-2019,111.90,111.90,107.55,107.65,108.000000000000000000,22,4,2376.00,21,95.45,4.35,-4.25
30-August-2019,99.10,106.00,99.10,105.65,105.073630136986301369,584,28,61363.00,529,90.58,6.90,6.55
29-August-2019,99.15,99.20,99.00,99.10,99.105527638190954773,199,5,19722.00,199,100.00,0.20,-0.05
28-August-2019,108.40,108.40,99.85,102.00,107.048309178743961352,207,11,22159.00,146,70.53,8.55,-6.40
27-August-2019,109.00,109.00,103.35,106.20,104.726114649681528662,157,8,16442.00,102,64.97,5.65,-2.80
26-August-2019,115.00,115.80,100.80,103.15,105.239193083573487031,347,44,36518.00,265,76.37,15.00,-11.85
23-August-2019,100.45,102.75,95.55,100.00,100.466981132075471698,212,54,21299.00,203,95.75,7.20,-0.45
22-August-2019,100.65,100.90,82.00,97.70,89.599636858828869723,2203,55,197388.00,1791,81.30,18.90,-2.95
21-August-2019,106.80,106.80,100.00,101.40,102.950495049504950495,202,14,20796.00,184,91.09,6.80,-5.40
20-August-2019,113.10,113.10,107.25,108.30,108.014354066985645933,418,94,45150.00,372,89.00,5.85,-4.80
19-August-2019,112.85,115.05,101.00,113.00,107.732408325074331020,1009,30,108702.00,525,52.03,14.05,0.15
16-August-2019,120.50,120.50,115.35,115.35,117.875000000000000000,48,13,5658.00,46,95.83,5.15,-5.15
14-August-2019,122.00,122.00,115.55,117.10,118.837209302325581395,43,8,5110.00,37,86.05,6.45,-4.90
13-August-2019,122.00,129.40,120.00,121.35,122.706068601583113456,1895,108,232528.00,1283,67.70,9.40,-0.65
9-August-2019,108.10,122.00,105.25,117.95,113.419449901768172888,1018,65,115461.00,619,60.81,16.75,9.85
8-August-2019,106.80,106.80,106.80,106.80,106.500000000000000000,2,1,213.00,2,100.00,0.00,0.00
7-August-2019,104.70,108.60,104.70,106.35,106.028301886792452830,106,8,11239.00,103,97.17,3.90,1.65
6-August-2019,98.25,112.00,98.00,103.55,100.162790697674418604,430,34,43070.00,292,67.91,14.00,5.30
5-August-2019,102.50,102.50,101.70,101.70,102.054545454545454545,55,4,5613.00,55,100.00,0.80,-0.80
2-August-2019,102.00,103.70,96.50,100.15,99.364864864864864864,74,29,7353.00,39,52.70,7.20,-1.85
1-August-2019,108.50,108.50,99.10,105.00,104.992135954681772742,60020,7,6301628.00,60010,99.98,9.40,-3.50
31-July-2019,103.90,103.90,103.90,103.90,103.900000000000000000,10,1,1039.00,10,100.00,0.00,0.00
30-July-2019,105.00,105.25,104.00,104.00,105.162393162393162393,117,13,12304.00,105,89.74,1.25,-1.00
29-July-2019,107.25,107.25,105.10,105.10,106.245098039215686274,204,13,21674.00,203,99.51,2.15,-2.15
26-July-2019,113.90,113.90,108.00,109.40,113.095607235142118863,387,19,43768.00,375,96.90,5.90,-4.50
25-July-2019,111.60,111.80,111.60,111.80,111.675324675324675324,385,16,42995.00,373,96.88,0.20,0.20
23-July-2019,110.10,112.95,108.00,110.50,109.501736111111111111,576,14,63073.00,370,64.24,4.95,0.40
19-July-2019,114.00,118.90,111.00,117.00,116.223320158102766798,506,30,58809.00,404,79.84,7.90,3.00
18-July-2019,123.95,123.95,117.20,117.20,121.666666666666666666,3,3,365.00,2,66.67,6.75,-6.75
17-July-2019,115.10,120.00,115.00,120.00,115.192307692307692307,52,4,5990.00,51,98.08,5.00,4.90
15-July-2019,116.00,116.00,116.00,116.00,116.000000000000000000,40,2,4640.00,40,100.00,0.00,0.00
12-July-2019,128.00,128.00,119.05,124.95,123.500000000000000000,24,10,2964.00,16,66.67,8.95,-3.05
11-July-2019,119.00,119.00,119.00,119.00,119.000000000000000000,150,2,17850.00,150,100.00,0.00,0.00
10-July-2019,118.00,121.00,118.00,119.95,119.844155844155844155,231,10,27684.00,215,93.07,3.00,1.95
8-July-2019,117.20,117.20,112.00,112.95,115.744588744588744588,462,34,53474.00,353,76.41,5.20,-4.25
5-July-2019,121.55,121.55,119.00,121.10,120.368369351669941060,1018,40,122535.00,600,58.94,2.55,-0.45
4-July-2019,130.05,131.55,123.90,124.00,128.615660062067319169,4189,70,538771.00,4143,98.90,7.65,-6.05
3-July-2019,130.95,130.95,130.00,130.10,130.238461538461538461,130,27,16931.00,126,96.92,0.95,-0.85
2-July-2019,131.00,131.20,128.10,130.95,130.138392857142857142,224,24,29151.00,178,79.46,3.10,-0.05
1-July-2019,138.95,138.95,138.95,138.95,138.000000000000000000,1,1,138.00,1,100.00,0.00,0.00
28-June-2019,141.00,141.00,133.00,133.90,135.764705882352941176,17,9,2308.00,13,76.47,8.00,-7.10
27-June-2019,143.00,149.00,133.15,134.40,136.726643598615916955,289,61,39514.00,134,46.37,15.85,-8.60
26-June-2019,135.00,138.75,130.10,138.10,132.373083475298126064,587,29,77703.00,524,89.27,8.65,3.10
25-June-2019,135.00,135.15,135.00,135.00,135.000000000000000000,901,20,121635.00,901,100.00,0.15,0.00
24-June-2019,138.95,138.95,134.00,135.00,134.126126126126126126,111,5,14888.00,111,100.00,4.95,-3.95
21-June-2019,132.35,137.50,132.35,135.35,135.329268292682926829,82,5,11097.00,40,48.78,5.15,3.00
20-June-2019,134.00,139.00,130.40,130.85,130.826923076923076923,52,5,6803.00,52,100.00,8.60,-3.15
19-June-2019,134.00,134.00,133.00,133.00,133.500000000000000000,2,2,267.00,1,50.00,1.00,-1.00
18-June-2019,137.00,139.90,136.05,136.35,136.591339648173207036,739,17,100941.00,735,99.46,3.85,-0.65
17-June-2019,137.05,139.00,133.00,139.00,135.114879649890590809,914,21,123495.00,660,72.21,6.00,1.95
14-June-2019,143.20,144.95,135.10,137.25,137.082880434782608695,736,38,100893.00,545,74.05,9.85,-5.95
13-June-2019,140.70,147.90,136.15,137.10,139.755154639175257731,388,39,54225.00,260,67.01,11.75,-3.60
12-June-2019,138.00,138.00,137.70,138.00,137.929824561403508771,114,11,15724.00,25,21.93,0.30,0.00
11-June-2019,142.25,143.60,136.25,140.45,140.317073170731707317,738,19,103554.00,314,42.55,7.35,-1.80
10-June-2019,139.00,143.80,139.00,142.10,141.464000000000000000,500,7,70732.00,500,100.00,4.80,3.10
7-June-2019,138.35,140.00,138.05,138.10,138.136752136752136752,117,14,16162.00,104,88.89,1.95,-0.25
6-June-2019,143.70,146.00,138.15,138.20,143.874704491725768321,423,27,60859.00,248,58.63,7.85,-5.50
4-June-2019,143.25,146.00,143.25,146.00,145.893939393939393939,132,8,19258.00,130,98.48,2.75,2.75
3-June-2019,144.25,144.25,142.30,142.30,142.803278688524590163,61,10,8711.00,46,75.41,1.95,-1.95
31-May-2019,148.95,151.95,145.00,147.80,148.148148148148148148,27,11,4000.00,15,55.56,6.95,-1.15
30-May-2019,153.60,157.80,145.40,147.95,151.832111925383077948,1501,89,227900.00,528,35.18,12.40,-5.65
29-May-2019,149.95,162.00,149.95,154.20,155.710980227177114009,2377,152,370125.00,988,41.56,12.05,4.25
28-May-2019,141.95,148.00,141.95,145.05,145.674532940019665683,2034,55,296302.00,1467,72.12,6.05,3.10
27-May-2019,138.75,142.00,138.75,140.00,141.172523961661341853,626,31,88374.00,564,90.10,3.25,1.25
24-May-2019,135.75,140.95,132.00,135.10,136.766584766584766584,814,65,111328.00,644,79.12,8.95,-0.65
23-May-2019,139.00,139.95,136.00,136.00,136.981818181818181818,110,13,15068.00,110,100.00,3.95,-3.00
22-May-2019,133.00,133.05,133.00,133.05,133.020000000000000000,50,26,6651.00,25,50.00,0.05,0.05
21-May-2019,136.00,136.00,136.00,136.00,136.000000000000000000,29,1,3944.00,29,100.00,0.00,0.00
20-May-2019,131.00,140.05,125.25,136.35,132.695364238410596026,151,23,20037.00,71,47.02,14.80,5.35
17-May-2019,130.25,136.00,129.40,130.00,131.440594059405940594,202,32,26551.00,100,49.50,6.60,-0.25
15-May-2019,136.95,138.00,135.00,136.00,135.988235294117647058,425,16,57795.00,424,99.76,3.00,-0.95
14-May-2019,137.25,137.25,131.20,136.20,135.538461538461538461,143,35,19382.00,92,64.34,6.05,-1.05
13-May-2019,134.30,137.95,116.50,126.70,126.702531645569620253,316,23,40038.00,100,31.65,21.45,-7.60
10-May-2019,141.00,141.00,141.00,141.00,141.000000000000000000,50,10,7050.00,50,100.00,0.00,0.00
9-May-2019,138.80,143.00,138.75,143.00,142.866359447004608294,217,5,31002.00,216,99.54,4.25,4.20
8-May-2019,139.90,144.90,139.85,140.30,140.407350689127105666,1306,14,183372.00,1001,76.65,5.05,0.40
7-May-2019,136.00,145.50,136.00,139.00,141.584033613445378151,238,42,33697.00,71,29.83,9.50,3.00
6-May-2019,141.00,150.00,140.10,144.30,146.484545886828340466,2103,129,308057.00,1310,62.29,9.90,3.30
3-May-2019,137.80,137.80,137.80,137.80,137.750000000000000000,4,2,551.00,4,100.00,0.00,0.00
2-May-2019,125.00,141.95,125.00,140.00,138.384615384615384615,13,5,1799.00,13,100.00,16.95,15.00
22-April-2019,136.05,138.30,133.00,134.35,134.467153284671532846,137,22,18422.00,85,62.04,5.30,-1.70
18-April-2019,141.70,141.75,141.70,141.75,141.720000000000000000,25,2,3543.00,25,100.00,0.05,0.05
16-April-2019,140.00,140.00,140.00,140.00,140.000000000000000000,10,1,1400.00,10,100.00,0.00,0.00
15-April-2019,140.45,140.50,140.00,140.00,140.033802816901408450,355,7,49712.00,355,100.00,0.50,-0.45
12-April-2019,140.00,144.00,139.20,140.30,140.018587360594795539,538,18,75330.00,535,99.44,4.80,0.30
11-April-2019,139.25,140.00,139.20,139.70,139.687500000000000000,32,4,4470.00,32,100.00,0.80,0.45
10-April-2019,140.00,140.35,137.75,140.35,139.745341614906832298,161,12,22499.00,145,90.06,2.60,0.35
5-April-2019,144.15,145.00,144.00,144.10,144.475555555555555555,225,21,32507.00,150,66.67,1.00,-0.05
4-April-2019,142.05,144.95,139.20,141.15,141.902173913043478260,2392,76,339430.00,1130,47.24,5.75,-0.90
3-April-2019,147.65,147.65,145.00,145.10,145.142857142857142857,84,8,12192.00,49,58.33,2.65,-2.55
1-April-2019,145.00,150.20,143.05,144.25,145.794764397905759162,955,47,139234.00,246,25.76,7.15,-0.75
29-March-2019,139.00,143.50,136.05,143.40,138.791666666666666666,120,9,16655.00,60,50.00,7.45,4.40
28-March-2019,140.00,140.00,136.00,136.15,137.680555555555555555,72,11,9913.00,49,68.06,4.00,-3.85
27-March-2019,140.00,144.75,137.05,139.00,143.316793893129770992,262,10,37549.00,258,98.47,7.70,-1.00
26-March-2019,140.00,140.00,140.00,140.00,140.000000000000000000,285,1,39900.00,285,100.00,0.00,0.00
25-March-2019,143.00,146.90,140.00,140.10,142.013986013986013986,286,24,40616.00,212,74.13,6.90,-2.90
22-March-2019,143.10,146.35,141.00,141.00,143.098267939201131141,5658,28,809650.00,5471,96.69,5.35,-2.10
19-March-2019,145.00,148.85,144.00,147.40,145.301587301587301587,63,17,9154.00,51,80.95,4.85,2.40
18-March-2019,148.20,151.50,143.05,145.00,147.200259067357512953,3860,53,568193.00,3647,94.48,8.45,-3.20
15-March-2019,154.70,163.80,151.75,152.60,153.905345211581291759,898,46,138207.00,529,58.91,12.05,-2.10
14-March-2019,154.90,159.30,148.25,150.00,154.342022940563086548,1918,76,296028.00,1521,79.30,11.05,-4.90
13-March-2019,150.00,152.70,150.00,150.80,150.777907548561593312,16268,17,2452855.00,16162,99.35,2.70,0.80
12-March-2019,154.95,154.95,148.20,149.80,150.087899543378995433,876,42,131477.00,664,75.80,6.75,-5.15
11-March-2019,152.00,154.00,150.40,153.00,152.586206896551724137,145,22,22125.00,110,75.86,3.60,1.00
8-March-2019,149.00,160.00,145.10,148.75,150.143081761006289308,636,38,95491.00,544,85.53,14.90,-0.25
7-March-2019,154.45,157.00,147.05,153.10,155.050684931506849315,730,76,113187.00,643,88.08,9.95,-1.35
6-March-2019,158.00,159.85,152.30,154.95,157.709938366718027734,2596,133,409415.00,1905,73.38,7.55,-3.05
5-March-2019,139.00,156.00,139.00,151.95,147.664062500000000000,1536,127,226812.00,521,33.92,17.00,12.95
1-March-2019,140.00,142.70,139.00,139.00,142.009009009009009009,111,10,15763.00,111,100.00,3.70,-1.00
27-February-2019,135.15,135.95,131.00,131.00,133.800000000000000000,30,12,4014.00,14,46.67,4.95,-4.15
26-February-2019,130.00,135.00,129.00,134.95,133.246753246753246753,77,16,10260.00,51,66.23,6.00,4.95
25-February-2019,134.00,134.00,134.00,134.00,134.000000000000000000,60,2,8040.00,60,100.00,0.00,0.00
21-February-2019,137.60,137.60,131.80,132.00,132.020100502512562814,597,31,78816.00,565,94.64,5.80,-5.60
20-February-2019,135.00,136.00,130.00,133.45,132.334548769371011850,1097,79,145171.00,524,47.77,6.00,-1.55
19-February-2019,132.40,134.95,130.70,132.55,132.231511254019292604,311,24,41124.00,114,36.66,4.25,0.15
18-February-2019,133.05,133.55,132.65,133.00,133.100000000000000000,10,6,1331.00,7,70.00,0.90,-0.05
14-February-2019,134.50,135.75,128.10,135.70,134.336283185840707964,113,13,15180.00,70,61.95,7.65,1.20
13-February-2019,129.95,131.90,129.95,130.00,130.004520795660036166,1106,17,143785.00,1005,90.87,1.95,0.05
11-February-2019,129.20,132.95,129.20,132.95,131.000000000000000000,2,2,262.00,0,0.00,3.75,3.75
7-February-2019,134.00,134.00,134.00,134.00,134.000000000000000000,2,1,268.00,2,100.00,0.00,0.00
6-February-2019,135.00,148.70,118.10,134.00,131.557009345794392523,1070,37,140766.00,1025,95.79,30.60,-1.00
5-February-2019,140.00,141.40,140.00,141.40,140.500000000000000000,10,5,1405.00,6,60.00,1.40,1.40
4-February-2019,144.00,144.00,136.00,140.05,140.975308641975308641,81,17,11419.00,25,30.86,8.00,-3.95
1-February-2019,140.00,147.00,137.55,139.75,140.152542372881355932,118,14,16538.00,54,45.76,9.45,-0.25
31-January-2019,143.90,146.80,143.05,146.40,144.181818181818181818,66,9,9516.00,61,92.42,3.75,2.50
30-January-2019,137.00,142.00,137.00,141.95,141.896440129449838187,309,10,43846.00,306,99.03,5.00,4.95
29-January-2019,134.00,140.80,131.35,135.00,135.664621676891615541,978,113,132680.00,845,86.40,9.45,1.00
28-January-2019,130.00,142.00,130.00,132.00,131.806179775280898876,712,38,93846.00,528,74.16,12.00,2.00
25-January-2019,146.00,147.50,128.00,129.15,134.762454873646209386,1385,80,186646.00,709,51.19,19.50,-16.85
24-January-2019,147.00,149.70,147.00,149.70,148.666666666666666666,3,3,446.00,2,66.67,2.70,2.70
23-January-2019,154.40,154.40,147.05,147.05,147.118811881188118811,101,2,14859.00,100,99.01,7.35,-7.35
22-January-2019,148.00,148.00,145.00,147.00,146.780487804878048780,123,13,18054.00,86,69.92,3.00,-1.00
21-January-2019,151.00,151.00,148.00,148.00,150.150537634408602150,93,4,13964.00,92,98.92,3.00,-3.00
18-January-2019,152.05,152.05,152.05,152.05,152.047619047619047619,105,4,15965.00,105,100.00,0.00,0.00
16-January-2019,154.95,154.95,154.95,154.95,154.950000000000000000,20,10,3099.00,20,100.00,0.00,0.00
15-January-2019,152.05,154.85,150.90,150.90,151.800000000000000000,10,4,1518.00,10,100.00,3.95,-1.15
11-January-2019,157.50,157.50,157.50,157.50,157.470588235294117647,17,1,2677.00,17,100.00,0.00,0.00
9-January-2019,156.95,156.95,148.00,154.00,151.807692307692307692,208,19,31576.00,107,51.44,8.95,-2.95
8-January-2019,154.00,154.10,152.00,152.50,153.442700903471231573,2103,52,322690.00,1231,58.54,2.10,-1.50
7-January-2019,156.00,156.00,156.00,156.00,156.000000000000000000,10,1,1560.00,10,100.00,0.00,0.00
3-January-2019,155.05,156.00,154.20,156.00,154.331360946745562130,169,7,26082.00,168,99.41,1.80,0.95
1-January-2019,155.05,158.00,155.00,155.00,155.707509881422924901,253,10,39394.00,194,76.68,3.00,-0.05
27-December-2018,158.05,160.50,158.00,160.50,158.590909090909090909,66,6,10467.00,64,96.97,2.50,2.45
26-December-2018,159.00,159.00,157.15,158.00,158.515625000000000000,2048,41,324640.00,1126,54.98,1.85,-1.00
21-December-2018,160.05,165.00,156.00,158.50,157.770655270655270655,1404,33,221510.00,1011,72.01,9.00,-1.55
20-December-2018,165.00,168.75,164.45,164.45,165.887005649717514124,177,16,29362.00,150,84.75,4.30,-0.55
19-December-2018,160.55,169.90,158.80,160.05,164.946596858638743455,955,54,157524.00,555,58.12,11.10,-0.50
18-December-2018,152.40,163.80,152.30,160.55,157.577124868835257082,953,28,150171.00,181,18.99,11.50,8.15
17-December-2018,156.00,156.40,156.00,156.40,156.000000000000000000,2,2,312.00,0,0.00,0.40,0.40
14-December-2018,157.00,157.10,156.00,156.05,156.856459330143540669,209,17,32783.00,156,74.64,1.10,-0.95
12-December-2018,156.75,158.00,151.60,153.80,155.816021126760563380,1136,29,177007.00,1093,96.21,6.40,-2.95
11-December-2018,143.00,154.95,143.00,153.55,152.138513513513513513,296,31,45033.00,275,92.91,11.95,10.55
10-December-2018,150.00,150.00,142.00,145.55,146.385117493472584856,1532,54,224262.00,805,52.55,8.00,-4.45
6-December-2018,158.00,158.00,153.00,154.50,155.147878787878787878,825,51,127997.00,621,75.27,5.00,-3.50
5-December-2018,161.00,162.40,159.15,161.30,160.937500000000000000,16,11,2575.00,4,25.00,3.25,0.30
4-December-2018,151.00,157.85,151.00,156.50,156.172727272727272727,990,35,154611.00,891,90.00,6.85,5.50
3-December-2018,157.95,157.95,151.40,151.40,153.181818181818181818,11,3,1685.00,11,100.00,6.55,-6.55
30-November-2018,152.05,152.05,150.25,151.00,150.801980198019801980,303,9,45693.00,300,99.01,1.80,-1.05
29-November-2018,153.55,159.90,150.00,150.60,152.616858237547892720,261,45,39833.00,152,58.24,9.90,-2.95
28-November-2018,160.00,160.00,151.30,153.55,155.709534368070953436,902,34,140450.00,410,45.45,8.70,-6.45
27-November-2018,155.00,160.00,155.00,155.05,155.275551921504497138,1223,24,189902.00,1095,89.53,5.00,0.05
26-November-2018,156.00,161.95,150.30,153.20,156.375286041189931350,437,27,68336.00,282,64.53,11.65,-2.80
22-November-2018,164.00,165.70,159.95,159.95,160.489959839357429718,498,17,79924.00,445,89.36,5.75,-4.05
21-November-2018,160.00,168.80,160.00,160.00,162.492071881606765327,1892,38,307435.00,643,33.99,8.80,0.00
20-November-2018,166.95,166.95,160.00,160.00,163.963730569948186528,193,6,31645.00,170,88.08,6.95,-6.95
19-November-2018,165.70,165.70,159.10,161.45,162.260775862068965517,2320,18,376445.00,2003,86.34,6.60,-4.25
16-November-2018,166.90,169.50,158.55,165.70,165.232098765432098765,405,42,66919.00,251,61.98,10.95,-1.20
15-November-2018,169.95,169.95,160.50,160.50,164.717138103161397670,601,22,98995.00,405,67.39,9.45,-9.45
14-November-2018,173.95,174.00,158.00,163.70,169.101471969934231130,3193,49,539941.00,2212,69.28,16.00,-10.25
13-November-2018,185.00,185.00,165.35,170.00,171.266553480475382003,589,23,100876.00,352,59.76,19.65,-15.00
12-November-2018,175.00,175.00,171.30,174.10,173.319691577698695136,1686,32,292217.00,1175,69.69,3.70,-0.90
9-November-2018,178.20,178.20,165.00,170.20,170.971270718232044198,4525,61,773645.00,3580,79.12,13.20,-8.00
7-November-2018,164.65,164.70,163.00,164.25,164.461111111111111111,180,9,29603.00,180,100.00,1.70,-0.40
6-November-2018,163.90,163.90,159.00,159.00,159.535714285714285714,28,9,4467.00,14,50.00,4.90,-4.90
5-November-2018,168.00,168.00,157.70,160.10,162.614395886889460154,389,32,63257.00,245,62.98,10.30,-7.90
2-November-2018,162.00,170.00,162.00,165.25,167.527845036319612590,826,33,138378.00,620,75.06,8.00,3.25
1-November-2018,163.95,165.40,160.00,160.05,160.131707317073170731,615,11,98481.00,610,99.19,5.40,-3.90
31-October-2018,157.75,164.00,148.30,161.80,158.030303030303030303,396,39,62580.00,212,53.54,15.70,4.05
30-October-2018,158.95,158.95,151.00,157.05,158.025000000000000000,160,28,25284.00,121,75.62,7.95,-1.90
29-October-2018,130.05,149.95,130.05,149.30,147.528301886792452830,212,21,31276.00,116,54.72,19.90,19.25
26-October-2018,130.55,141.50,130.55,141.40,137.571428571428571428,140,7,19260.00,75,53.57,10.95,10.85
25-October-2018,135.00,143.30,135.00,139.90,139.891891891891891891,37,10,5176.00,30,81.08,8.30,4.90
24-October-2018,141.20,147.90,135.00,138.20,142.613598673300165837,603,21,85996.00,412,68.33,12.90,-3.00
23-October-2018,154.90,154.90,144.10,144.10,149.500000000000000000,20,2,2990.00,10,50.00,10.80,-10.80
19-October-2018,153.00,155.00,150.00,151.05,151.038251366120218579,183,11,27640.00,176,96.17,5.00,-1.95
17-October-2018,186.85,186.85,156.80,162.55,166.485488126649076517,1137,46,189294.00,646,56.82,30.05,-24.30
16-October-2018,174.50,174.50,166.85,169.90,169.924731182795698924,93,22,15803.00,66,70.97,7.65,-4.60
15-October-2018,174.95,174.95,165.55,170.05,168.407492354740061162,1308,41,220277.00,736,56.27,9.40,-4.90
12-October-2018,158.00,172.00,158.00,167.10,167.985194479297365119,3985,89,669421.00,2125,53.32,14.00,9.10
11-October-2018,132.70,177.00,132.70,147.65,156.509118541033434650,658,48,102983.00,442,67.17,44.30,14.95
10-October-2018,137.15,164.95,137.15,162.15,160.920962199312714776,1164,40,187312.00,906,77.84,27.80,25.00
9-October-2018,151.00,151.00,148.00,148.75,148.759615384615384615,104,5,15471.00,101,97.12,3.00,-2.25
8-October-2018,191.00,191.00,141.10,143.35,147.407054337464251668,2098,60,309260.00,1922,91.61,49.90,-47.65
5-October-2018,172.50,183.45,167.00,173.05,171.099838969404186795,621,50,106253.00,291,46.86,16.45,0.55
4-October-2018,171.10,179.50,171.00,173.30,171.940625000000000000,320,22,55021.00,237,74.06,8.50,2.20
3-October-2018,185.00,185.00,176.90,180.00,180.383720930232558139,946,23,170643.00,739,78.12,8.10,-5.00
1-October-2018,180.65,180.65,171.90,179.95,179.445312500000000000,128,20,22969.00,95,74.22,8.75,-0.70
28-September-2018,198.00,203.65,180.00,182.60,193.884510869565217391,1472,82,285398.00,580,39.40,23.65,-15.40
27-September-2018,190.00,207.00,190.00,202.05,198.664395229982964224,587,41,116616.00,169,28.79,17.00,12.05
26-September-2018,204.00,205.35,200.00,200.25,202.206043956043956043,364,60,73603.00,280,76.92,5.35,-3.75
25-September-2018,198.95,216.00,195.00,207.25,198.212646114711404518,16511,99,3272689.00,16269,98.53,21.00,8.30
24-September-2018,213.40,213.40,200.00,202.25,204.091053467443091582,1889,53,385528.00,1478,78.24,13.40,-11.15
21-September-2018,229.95,229.95,180.60,213.90,205.058943434686597587,5887,247,1207182.00,4576,77.73,49.35,-16.05
19-September-2018,228.70,230.00,222.55,222.55,225.676156583629893238,281,67,63415.00,228,81.14,7.45,-6.15
18-September-2018,230.50,230.85,224.60,224.65,228.554809843400447427,447,45,102164.00,290,64.88,6.25,-5.85
17-September-2018,233.00,235.55,230.00,230.65,230.709375000000000000,320,17,73827.00,310,96.88,5.55,-2.35
14-September-2018,224.30,229.95,223.00,229.95,227.309210526315789473,152,12,34551.00,72,47.37,6.95,5.65
12-September-2018,225.10,226.95,225.00,225.30,225.227272727272727272,176,18,39640.00,165,93.75,1.95,0.20
11-September-2018,225.00,230.00,220.00,226.55,226.291179596174282678,941,72,212940.00,585,62.17,10.00,1.55
10-September-2018,229.75,229.75,222.60,224.95,225.259740259740259740,154,47,34690.00,138,89.61,7.15,-4.80
7-September-2018,219.20,247.30,219.20,228.10,236.232558139534883720,3311,149,782166.00,1379,41.65,28.10,8.90
6-September-2018,224.25,224.75,218.05,224.55,223.816074188562596599,647,75,144809.00,578,89.34,6.70,0.30
5-September-2018,219.00,226.75,216.25,221.90,221.497572815533980582,1236,78,273771.00,753,60.92,10.50,2.90
4-September-2018,228.05,228.05,220.30,221.00,224.648795648795648795,1287,64,289123.00,1072,83.29,7.75,-7.05
3-September-2018,238.50,238.50,226.30,231.00,232.715620134924753502,1927,50,448443.00,1619,84.02,12.20,-7.50
31-August-2018,226.10,236.50,223.00,228.15,226.563459570112589559,1954,58,442705.00,1617,82.75,13.50,2.05
30-August-2018,229.60,231.75,229.55,230.00,229.919626168224299065,535,10,123007.00,340,63.55,2.20,0.40
29-August-2018,229.00,236.65,228.80,229.25,229.927777777777777777,180,13,41387.00,174,96.67,7.85,0.25
28-August-2018,226.00,245.00,226.00,229.20,231.563071297989031078,2188,69,506660.00,1754,80.16,19.00,3.20
27-August-2018,233.65,233.65,227.30,229.10,230.596750369276218611,677,27,156114.00,676,99.85,6.35,-4.55
24-August-2018,237.00,237.00,230.75,231.50,234.518725544997205142,1789,28,419554.00,1715,95.86,6.25,-5.50
23-August-2018,237.30,240.90,237.00,237.00,238.537021276595744680,1175,27,280281.00,1157,98.47,3.90,-0.30
21-August-2018,247.95,248.00,238.50,242.15,244.175750834260289210,1798,47,439028.00,1254,69.74,9.50,-5.80
20-August-2018,249.75,249.75,241.10,241.80,241.726242920075519194,1589,55,384103.00,1079,67.90,8.65,-7.95
17-August-2018,242.10,250.00,242.00,244.10,245.766097240473061760,1522,62,374056.00,926,60.84,8.00,2.00
16-August-2018,265.05,265.05,236.00,239.60,245.239683334091632922,21979,400,5390123.00,14789,67.29,29.05,-25.45
14-August-2018,284.00,287.00,277.50,285.80,284.849673202614379084,153,17,43582.00,101,66.01,9.50,1.80
13-August-2018,284.00,290.00,278.15,282.00,282.847938144329896907,1164,23,329235.00,1088,93.47,11.85,-2.00
10-August-2018,282.05,286.00,282.00,282.25,282.251428571428571428,350,8,98788.00,350,100.00,4.00,0.20
9-August-2018,277.05,294.80,276.20,285.95,286.115653775322283609,2715,75,776804.00,2318,85.38,18.60,8.90
8-August-2018,271.10,283.95,271.10,275.60,275.424786324786324786,1170,14,322247.00,1085,92.74,12.85,4.50
7-August-2018,277.10,284.90,276.00,276.10,277.318982387475538160,511,32,141710.00,313,61.25,8.90,-1.00
6-August-2018,280.00,284.90,275.45,281.60,279.833333333333333333,360,27,100740.00,141,39.17,9.45,1.60
3-August-2018,270.00,284.65,267.00,274.20,276.782249742002063983,1938,107,536404.00,879,45.36,17.65,4.20
2-August-2018,264.70,274.95,253.05,268.05,267.407488027862429255,2297,108,614235.00,1680,73.14,21.90,3.35
1-August-2018,253.50,258.40,253.50,255.90,255.603896103896103896,154,5,39363.00,154,100.00,4.90,2.40
31-July-2018,253.50,258.55,253.50,258.50,255.336311087756174461,1903,34,485905.00,1008,52.97,5.05,5.00
30-July-2018,254.00,256.00,254.00,255.95,254.253913043478260869,575,13,146196.00,575,100.00,2.00,1.95
27-July-2018,255.50,257.00,255.50,256.00,256.148148148148148148,135,4,34580.00,135,100.00,1.50,0.50
26-July-2018,250.05,259.80,245.60,254.40,254.311920529801324503,1510,39,384011.00,739,48.94,14.20,4.35
25-July-2018,250.00,259.50,250.00,255.85,254.036718750000000000,1280,38,325167.00,1120,87.50,9.50,5.85
24-July-2018,246.00,258.00,245.00,258.00,249.964948453608247422,485,19,121233.00,472,97.32,13.00,12.00
23-July-2018,242.75,250.00,242.75,250.00,249.710000000000000000,100,2,24971.00,100,100.00,7.25,7.25
20-July-2018,242.65,243.00,242.65,242.90,242.895714285714285714,700,5,170027.00,700,100.00,0.35,0.25
19-July-2018,248.10,248.10,244.00,244.00,244.250000000000000000,32,2,7816.00,32,100.00,4.10,-4.10
18-July-2018,251.00,252.60,251.00,252.60,251.188235294117647058,170,4,42702.00,170,100.00,1.60,1.60
17-July-2018,250.00,250.00,250.00,250.00,250.000000000000000000,1,1,250.00,1,100.00,0.00,0.00
16-July-2018,249.50,249.60,245.00,245.55,248.330097087378640776,103,7,25578.00,100,97.09,4.60,-3.95
13-July-2018,253.60,253.60,253.60,253.60,253.600000000000000000,10,1,2536.00,10,100.00,0.00,0.00
12-July-2018,262.15,262.15,252.80,253.85,259.500000000000000000,282,6,73179.00,248,87.94,9.35,-8.30
11-July-2018,265.00,265.00,258.50,264.95,258.876777251184834123,211,5,54623.00,210,99.53,6.50,-0.05
10-July-2018,269.95,270.00,255.70,262.60,267.711864406779661016,118,6,31590.00,59,50.00,14.30,-7.35
9-July-2018,261.00,271.90,261.00,266.75,264.000000000000000000,15,4,3960.00,8,53.33,10.90,5.75
6-July-2018,257.00,260.00,250.10,260.00,252.860576923076923076,208,13,52595.00,85,40.87,9.90,3.00
5-July-2018,266.00,279.00,263.45,266.65,271.679530201342281879,4768,97,1295368.00,3068,64.35,15.55,0.65
4-July-2018,255.10,264.10,255.10,263.80,262.323383084577114427,603,15,158181.00,453,75.12,9.00,8.70
3-July-2018,241.00,264.80,241.00,254.95,254.189189189189189189,1036,47,263340.00,361,34.85,23.80,13.95
2-July-2018,246.20,246.20,240.00,240.00,243.864224137931034482,464,12,113153.00,464,100.00,6.20,-6.20
29-June-2018,245.10,248.95,241.00,248.00,245.002372479240806642,3372,62,826148.00,2911,86.33,7.95,2.90
28-June-2018,240.05,249.45,240.00,240.95,244.104000000000000000,125,12,30513.00,104,83.20,9.45,0.90
27-June-2018,256.90,257.50,245.00,250.40,247.854678362573099415,3420,95,847663.00,3166,92.57,12.50,-6.50
26-June-2018,260.95,260.95,255.60,255.60,257.952380952380952380,294,9,75838.00,250,85.03,5.35,-5.35
25-June-2018,265.05,266.00,242.15,258.40,252.417458945548833189,1157,24,292047.00,555,47.97,23.85,-6.65
22-June-2018,261.70,271.90,260.00,268.45,264.878284923928077455,2169,81,574521.00,1239,57.12,11.90,6.75
21-June-2018,278.00,278.00,265.40,265.60,271.218934911242603550,169,27,45836.00,125,73.96,12.60,-12.40
20-June-2018,273.25,281.60,273.00,273.35,277.337448559670781893,486,19,134786.00,318,65.43,8.60,0.10
19-June-2018,274.00,280.00,272.65,278.65,274.799918500407497962,2454,36,674359.00,1704,69.44,7.35,4.65
18-June-2018,286.50,286.50,272.30,272.65,277.232736572890025575,391,26,108398.00,273,69.82,14.20,-13.85
15-June-2018,285.85,290.00,279.00,281.40,284.267399267399267399,273,20,77605.00,170,62.27,11.00,-4.45
14-June-2018,294.40,295.00,281.35,283.65,287.278169014084507042,7952,257,2284436.00,3520,44.27,13.65,-10.75
13-June-2018,270.00,303.60,270.00,289.45,289.591464821222606689,13005,380,3766137.00,3113,23.94,33.60,19.45
12-June-2018,268.45,270.20,265.95,269.40,269.463241806908768821,1129,25,304224.00,653,57.84,4.25,0.95
11-June-2018,275.00,281.00,271.80,272.40,274.627543035993740219,639,24,175487.00,573,89.67,9.20,-2.60
8-June-2018,278.00,295.90,277.05,278.45,282.403758020164986251,2182,77,616205.00,1061,48.63,18.85,0.45
7-June-2018,270.00,304.90,265.50,282.80,290.356528276668615821,11971,342,3475858.00,2970,24.81,39.40,12.80
6-June-2018,256.00,264.00,248.35,259.85,256.837288135593220338,1180,16,303068.00,1014,85.93,15.65,3.85
5-June-2018,250.20,255.00,242.00,244.45,248.740926157697121401,799,13,198744.00,793,99.25,13.00,-5.75
4-June-2018,265.00,270.00,254.00,258.80,263.640445958501083926,3229,31,851295.00,3102,96.07,16.00,-6.20
1-June-2018,294.00,294.00,270.80,271.75,279.560165975103734439,2410,58,673740.00,1288,53.44,23.20,-22.25
31-May-2018,308.00,316.35,293.25,296.00,308.389099661404152898,24513,277,7559542.00,12650,51.61,23.10,-12.00
30-May-2018,280.90,289.95,280.90,287.60,282.120000000000000000,150,11,42318.00,100,66.67,9.05,6.70
29-May-2018,271.60,299.80,271.55,284.70,283.422604422604422604,814,46,230706.00,150,18.43,28.25,13.10
28-May-2018,267.00,284.95,267.00,282.10,277.095477386934673366,398,17,110284.00,252,63.32,17.95,15.10
25-May-2018,260.00,261.00,260.00,261.00,260.887900355871886120,562,15,146619.00,500,88.97,1.00,1.00
24-May-2018,249.60,257.50,248.65,257.40,256.350649350649350649,77,7,19739.00,31,40.26,8.85,7.80
23-May-2018,249.00,257.00,249.00,252.55,254.231617647058823529,272,10,69151.00,175,64.34,8.00,3.55
22-May-2018,259.95,259.95,257.00,259.50,259.462745098039215686,510,5,132326.00,500,98.04,2.95,-0.45
21-May-2018,260.00,260.25,250.00,260.15,257.597662771285475792,1198,28,308602.00,898,74.96,10.25,0.15
18-May-2018,260.00,263.85,260.00,263.85,260.343396226415094339,265,15,68991.00,200,75.47,3.85,3.85
17-May-2018,257.90,258.00,257.70,258.00,257.983706720977596741,491,10,126670.00,465,94.70,0.30,0.10
16-May-2018,255.90,255.90,254.00,255.70,255.047058823529411764,85,7,21679.00,85,100.00,1.90,-0.20
15-May-2018,254.00,260.50,253.95,255.55,258.478420569329660238,1089,22,281483.00,893,82.00,6.55,1.55
14-May-2018,258.05,259.00,245.50,251.20,253.452098540145985401,2192,57,555567.00,1311,59.81,13.50,-6.85
11-May-2018,270.00,270.00,268.00,268.10,268.400000000000000000,125,6,33550.00,120,96.00,2.00,-1.90
10-May-2018,273.10,273.10,266.70,269.35,270.304201680672268907,1190,13,321662.00,1149,96.55,6.40,-3.75
9-May-2018,271.00,277.85,271.00,275.00,273.925000000000000000,160,6,43828.00,150,93.75,6.85,4.00
8-May-2018,275.85,275.85,270.00,270.00,272.971530249110320284,562,23,153410.00,436,77.58,5.85,-5.85
7-May-2018,283.00,284.85,273.00,278.80,278.673118279569892473,465,17,129583.00,398,85.59,11.85,-4.20
4-May-2018,283.50,284.45,277.05,277.75,280.054455445544554455,606,27,169713.00,429,70.79,7.40,-5.75
3-May-2018,285.00,285.00,275.00,279.45,280.047252747252747252,910,33,254843.00,600,65.93,10.00,-5.55
2-May-2018,292.70,299.30,288.70,290.00,292.498763396537510305,1213,44,354801.00,846,69.74,10.60,-2.70
30-April-2018,292.00,301.00,292.00,299.30,296.945559845559845559,2590,58,769089.00,1658,64.02,9.00,7.30
27-April-2018,288.00,295.95,286.00,295.00,293.491513437057991513,1414,23,414997.00,1269,89.75,9.95,7.00
26-April-2018,289.00,291.00,289.00,291.00,289.965231788079470198,604,13,175139.00,549,90.89,2.00,2.00
25-April-2018,296.85,299.80,290.00,290.70,292.113540197461212976,1418,32,414217.00,1294,91.26,9.80,-6.15
24-April-2018,302.00,303.00,298.00,298.85,299.509859154929577464,355,14,106326.00,300,84.51,5.00,-3.15
23-April-2018,295.35,315.00,295.35,301.95,309.685950413223140495,7260,178,2248320.00,1839,25.33,19.65,6.60
20-April-2018,303.50,305.00,292.20,304.10,300.299908003679852805,1087,40,326426.00,730,67.16,12.80,0.60
19-April-2018,303.50,318.70,302.60,303.30,304.699348341232227488,3376,56,1028665.00,2734,80.98,16.10,-0.20
18-April-2018,280.50,302.95,280.00,293.75,290.567365873336022589,9916,73,2881266.00,3847,38.80,22.95,13.25
17-April-2018,279.30,280.00,279.10,279.45,279.442307692307692307,520,8,145310.00,520,100.00,0.90,0.15
16-April-2018,278.80,281.85,276.25,281.15,278.740831295843520782,409,21,114005.00,295,72.13,5.60,2.35
13-April-2018,285.95,287.30,277.00,281.10,283.559925093632958801,1068,47,302842.00,750,70.22,10.30,-4.85
12-April-2018,282.05,285.00,282.00,282.60,283.961165048543689320,103,10,29248.00,84,81.55,3.00,0.55
11-April-2018,289.90,289.90,283.50,284.00,285.878378378378378378,74,9,21155.00,45,60.81,6.40,-5.90
10-April-2018,291.50,291.50,282.50,284.25,288.403372243839169909,771,32,222359.00,467,60.57,9.00,-7.25
9-April-2018,293.00,302.95,290.15,290.70,295.466431095406360424,566,33,167234.00,412,72.79,12.80,-2.30
6-April-2018,290.00,301.45,280.00,289.60,294.121862615587846763,3028,81,890601.00,1635,54.00,21.45,-0.40
5-April-2018,282.00,283.80,282.00,283.80,282.917098445595854922,193,10,54603.00,110,56.99,1.80,1.80
4-April-2018,292.70,292.70,270.30,270.30,279.602820211515863689,851,30,237942.00,510,59.93,22.40,-22.40
3-April-2018,285.00,285.00,277.20,280.05,280.773694390715667311,2068,43,580640.00,1757,84.96,7.80,-4.95
2-April-2018,279.50,280.00,278.00,278.25,279.434540389972144846,359,13,100317.00,293,81.62,2.00,-1.25
28-March-2018,274.90,280.00,265.05,275.65,274.461706783369803063,457,10,125429.00,270,59.08,14.95,0.75
27-March-2018,262.50,280.00,260.25,271.30,270.839768339768339768,518,21,140295.00,260,50.19,19.75,8.80
26-March-2018,271.00,275.00,258.50,272.45,262.036231884057971014,690,19,180805.00,545,78.99,16.50,1.45
23-March-2018,280.00,280.00,264.40,272.10,276.406282480655964892,8659,21,2393402.00,8421,97.25,15.60,-7.90
22-March-2018,275.50,281.95,272.65,278.30,275.666666666666666666,771,25,212539.00,637,82.62,9.30,2.80
21-March-2018,281.00,288.00,276.00,287.00,281.437740693196405648,38950,13,10962000.00,38900,99.87,12.00,6.00
20-March-2018,280.00,287.50,278.00,282.95,280.961038961038961038,77,5,21634.00,68,88.31,9.50,2.95
19-March-2018,292.15,292.15,280.25,285.00,287.512422360248447204,322,13,92579.00,225,69.88,11.90,-7.15
16-March-2018,309.00,309.70,292.00,294.90,300.612903225806451612,217,12,65233.00,217,100.00,17.70,-14.10
15-March-2018,308.95,308.95,295.10,302.50,300.452836637047163362,2926,12,879125.00,2872,98.15,13.85,-6.45
14-March-2018,300.00,300.00,294.10,299.65,296.132747933884297520,3872,9,1146626.00,3870,99.95,5.90,-0.35
13-March-2018,275.05,300.00,275.05,297.70,297.624597553122987765,1553,32,462211.00,1073,69.09,24.95,22.65
12-March-2018,282.15,293.50,281.10,285.75,291.090712074303405572,3230,66,940223.00,3057,94.64,12.40,3.60
9-March-2018,280.00,295.95,273.60,291.90,287.484444444444444444,1125,30,323420.00,582,51.73,22.35,11.90
8-March-2018,298.00,300.00,284.50,287.65,292.745925925925925925,2700,60,790414.00,1750,64.81,15.50,-10.35
7-March-2018,303.00,303.00,290.00,295.60,294.016187050359712230,556,27,163473.00,445,80.04,13.00,-7.40
6-March-2018,313.85,315.95,300.00,305.25,308.498465316144874155,1629,39,502544.00,974,59.79,15.95,-8.60
5-March-2018,310.00,314.00,302.05,306.20,307.331325301204819277,664,23,204068.00,639,96.23,11.95,-3.80
1-March-2018,329.90,329.90,315.10,315.20,319.800318217979315831,1257,35,401989.00,576,45.82,14.80,-14.70
28-February-2018,324.00,328.00,321.00,325.00,325.844479004665629860,643,22,209518.00,643,100.00,7.00,1.00
27-February-2018,336.25,340.75,327.00,328.95,331.790157845868152274,1077,32,357338.00,1077,100.00,13.75,-7.30
26-February-2018,345.00,354.00,338.25,339.50,344.939790575916230366,382,15,131767.00,382,100.00,15.75,-5.50
23-February-2018,336.00,348.60,336.00,340.70,346.266523758485173276,2799,19,969200.00,2799,100.00,12.60,4.70
22-February-2018,335.95,335.95,332.00,332.00,332.376068376068376068,234,8,77776.00,234,100.00,3.95,-3.95
21-February-2018,342.00,342.00,339.00,339.00,341.736842105263157894,114,6,38958.00,114,100.00,3.00,-3.00
20-February-2018,336.10,344.95,336.10,342.90,341.280966767371601208,331,7,112964.00,331,100.00,8.85,6.80
19-February-2018,340.00,344.40,329.10,335.00,333.629569455727051177,2462,38,821396.00,2462,100.00,15.30,-5.00
16-February-2018,365.00,365.00,345.00,346.40,356.457364341085271317,129,9,45983.00,129,100.00,20.00,-18.60
15-February-2018,358.50,358.50,350.00,350.00,354.694206008583690987,932,10,330575.00,932,100.00,8.50,-8.50
14-February-2018,365.00,365.00,354.00,362.00,360.282548476454293628,361,6,130062.00,361,100.00,11.00,-3.00
12-February-2018,355.05,380.00,355.05,361.00,361.257510729613733905,2097,23,757557.00,2097,100.00,24.95,5.95
9-February-2018,377.50,387.00,365.05,373.70,375.034877927254608868,2007,31,752695.00,2007,100.00,21.95,-3.80
8-February-2018,367.00,373.80,367.00,373.80,372.540886699507389162,1015,16,378129.00,1015,100.00,6.80,6.80
7-February-2018,356.00,356.00,344.00,356.00,351.911439114391143911,542,33,190736.00,542,100.00,12.00,0.00
6-February-2018,337.50,349.40,337.50,339.05,339.737049549549549549,1776,26,603373.00,1776,100.00,11.90,1.55
5-February-2018,352.10,360.00,351.40,355.25,352.846140854585374092,5921,74,2089202.00,5921,100.00,8.60,3.15
2-February-2018,380.00,380.00,369.85,369.85,373.340985442329227323,3572,46,1333574.00,3572,100.00,10.15,-10.15
1-February-2018,385.10,400.00,385.10,389.30,387.418792781580584940,1607,15,622582.00,1607,100.00,14.90,4.20
31-January-2018,385.00,399.75,380.20,395.90,391.331845238095238095,672,14,262975.00,672,100.00,19.55,10.90
30-January-2018,390.00,398.00,382.50,395.00,392.349258649093904448,1821,29,714468.00,1821,100.00,15.50,5.00
29-January-2018,409.90,409.90,393.00,396.90,396.901492537313432835,670,15,265924.00,670,100.00,16.90,-13.00
25-January-2018,405.00,410.00,402.50,409.90,406.372233400402414486,497,12,201967.00,497,100.00,7.50,4.90
24-January-2018,420.00,420.00,405.00,410.45,413.604406130268199233,1044,17,431803.00,1044,100.00,15.00,-9.55
23-January-2018,428.75,430.00,420.00,421.85,426.263277349069450748,2203,42,939058.00,2203,100.00,10.00,-6.90
22-January-2018,420.00,430.00,415.00,421.05,425.039188566159520516,2169,37,921910.00,2169,100.00,15.00,1.05
19-January-2018,413.00,422.80,405.00,420.90,418.147454651843183148,1709,50,714614.00,1709,100.00,17.80,7.90
18-January-2018,417.00,422.10,408.00,413.40,419.134182590233545647,11775,141,4935305.00,11775,100.00,14.10,-3.60
17-January-2018,410.00,410.00,396.00,402.00,402.421556886227544910,835,21,336022.00,835,100.00,14.00,-8.00
16-January-2018,435.65,435.65,401.10,408.25,429.051257990733681309,17051,143,7315753.00,17051,100.00,34.55,-27.40
15-January-2018,414.95,414.95,404.90,414.95,413.980368649782706428,13346,139,5524982.00,13346,100.00,10.05,0.00
12-January-2018,380.00,395.20,380.00,395.20,390.931766646052360338,4851,65,1896410.00,4851,100.00,15.20,15.20
11-January-2018,363.05,389.90,363.05,376.40,376.919879518072289156,1660,28,625687.00,1660,100.00,26.85,13.35
10-January-2018,371.50,383.00,371.50,381.45,379.953883495145631067,412,16,156541.00,412,100.00,11.50,9.95
9-January-2018,391.00,391.00,379.00,387.00,384.539891205802357207,2206,24,848295.00,2206,100.00,12.00,-4.00
8-January-2018,391.00,395.00,381.00,381.20,382.703971119133574007,831,27,318027.00,831,100.00,14.00,-9.80
5-January-2018,399.30,400.00,382.00,383.75,395.019157088122605363,3393,48,1340300.00,3393,100.00,18.00,-15.55
4-January-2018,390.00,400.00,382.00,390.10,388.385078219013237063,831,27,322748.00,831,100.00,18.00,0.10
3-January-2018,382.50,393.00,380.00,389.85,387.827676240208877284,1915,29,742690.00,1915,100.00,13.00,7.35
2-January-2018,390.00,392.00,370.05,375.25,378.234756097560975609,328,34,124061.00,328,100.00,21.95,-14.75
1-January-2018,395.10,397.00,387.00,389.25,392.990362149532710280,3424,27,1345599.00,3424,100.00,10.00,-5.85
29-December-2017,395.00,397.00,376.00,388.30,390.077135620538798065,4343,37,1694105.00,4343,100.00,21.00,-6.70
28-December-2017,371.50,393.00,371.50,389.45,385.331334332833583208,1334,26,514032.00,1334,100.00,21.50,17.95
27-December-2017,387.00,400.00,387.00,390.30,396.946504334993543626,5421,69,2151847.00,5421,100.00,13.00,3.30
26-December-2017,381.10,394.45,375.00,390.80,390.041029466616933979,2681,46,1045700.00,2681,100.00,19.45,9.70
22-December-2017,389.90,389.90,362.15,380.45,370.269829503335804299,2698,44,998988.00,2698,100.00,27.75,-9.45
21-December-2017,345.50,372.85,345.50,372.85,369.755915863277826468,2282,33,843783.00,2282,100.00,27.35,27.35
20-December-2017,355.00,365.75,355.00,355.10,360.480000000000000000,825,13,297396.00,825,100.00,10.75,0.10
19-December-2017,323.60,355.00,323.60,354.55,350.502396931927133269,1043,26,365574.00,1043,100.00,31.40,30.95
18-December-2017,348.00,350.00,340.10,340.60,347.295566502463054187,203,7,70501.00,203,100.00,9.90,-7.40
15-December-2017,332.30,347.50,332.30,341.45,342.145841784989858012,4930,57,1686779.00,4930,100.00,15.20,9.15
14-December-2017,354.00,356.00,348.00,349.50,350.542574257425742574,505,22,177024.00,505,100.00,8.00,-4.50
13-December-2017,366.00,366.00,352.00,355.55,359.182916307161345987,1159,32,416293.00,1159,100.00,14.00,-10.45
12-December-2017,364.50,372.00,361.00,361.00,366.868544600938967136,852,21,312572.00,852,100.00,11.00,-3.50
11-December-2017,371.00,371.00,360.00,360.20,369.261538461538461538,650,28,240020.00,650,100.00,11.00,-10.80
8-December-2017,362.00,372.00,352.50,358.00,365.611163670766319772,1057,21,386451.00,1057,100.00,19.50,-4.00
7-December-2017,350.20,365.90,350.20,364.30,361.943198804185351270,669,23,242140.00,669,100.00,15.70,14.10
6-December-2017,360.00,373.40,345.00,349.95,354.149869451697127937,1915,44,678197.00,1915,100.00,28.40,-10.05
5-December-2017,370.00,370.00,355.00,359.65,360.981792717086834733,714,25,257741.00,714,100.00,15.00,-10.35
4-December-2017,356.00,380.00,356.00,370.20,371.305684995340167753,1073,35,398411.00,1073,100.00,24.00,14.20
1-December-2017,377.50,386.00,370.05,374.20,376.453858607663248785,1853,23,697569.00,1853,100.00,15.95,-3.30
30-November-2017,387.00,388.00,377.00,380.50,381.698198198198198198,1110,30,423685.00,1110,100.00,11.00,-6.50
29-November-2017,388.45,400.00,388.45,390.00,390.050480769230769230,416,23,162261.00,416,100.00,11.55,1.55
28-November-2017,382.10,400.40,382.10,392.35,395.174899193548387096,1984,41,784027.00,1984,100.00,18.30,10.25
27-November-2017,385.00,395.00,378.00,388.50,388.859210526315789473,760,36,295533.00,760,100.00,17.00,3.50
24-November-2017,409.00,409.00,372.15,385.20,389.476071577195172700,2403,85,935911.00,2403,100.00,36.85,-23.80
23-November-2017,391.15,391.15,391.15,391.15,391.149967679379444085,1547,43,605109.00,1547,100.00,0.00,0.00
22-November-2017,355.00,372.55,355.00,372.55,365.261962447001817080,3302,46,1206095.00,3302,100.00,17.55,17.55
21-November-2017,355.00,364.00,354.00,354.85,356.484704282800815771,1471,17,524389.00,1471,100.00,10.00,-0.15
20-November-2017,365.75,365.75,355.05,364.45,360.340579710144927536,2208,33,795632.00,2208,100.00,10.70,-1.30
17-November-2017,360.00,368.85,350.50,354.00,358.298734177215189873,4740,59,1698336.00,4740,100.00,18.35,-6.00
16-November-2017,352.00,356.90,333.00,354.75,343.086111111111111111,4680,74,1605643.00,4680,100.00,23.90,2.75
15-November-2017,351.00,351.00,335.10,344.10,343.066258075202915355,6037,74,2071091.00,6037,100.00,15.90,-6.90
14-November-2017,360.50,363.00,350.05,351.00,353.478960848884010245,2733,68,966058.00,2733,100.00,12.95,-9.50
13-November-2017,372.00,378.10,365.40,367.65,371.589733503786016324,10169,645,3778696.00,2884,28.36,12.70,-4.35
10-November-2017,384.00,386.00,364.35,370.15,377.379439185823073090,28102,1115,10605117.00,11397,40.56,21.65,-13.85
9-November-2017,394.00,401.80,376.70,387.25,389.948736726473819113,16386,956,6389700.00,3316,20.24,25.10,-6.75
8-November-2017,398.00,412.50,385.15,388.05,400.471278458844133099,28550,1161,11433455.00,6640,23.26,27.35,-9.95
7-November-2017,424.80,424.80,386.05,391.50,405.705673278721819782,29542,1004,11985357.00,11430,38.69,38.75,-33.30
6-November-2017,415.80,436.50,407.00,417.35,425.398668036041377703,94447,2713,40177628.00,27667,29.29,29.50,1.55
3-November-2017,392.45,423.00,389.40,415.80,409.616728651251369949,111318,3484,45597715.00,16943,15.22,33.60,23.35
2-November-2017,388.80,404.15,385.65,387.60,393.287832150260694767,15919,579,6260749.00,6486,40.74,18.50,-1.20
1-November-2017,410.00,414.55,383.30,389.95,400.345554132249657670,45278,1687,18126846.00,12287,27.14,31.25,-20.05
31-October-2017,362.50,416.70,360.75,406.25,398.255105891587543586,198741,6562,79149618.00,25044,12.60,55.95,43.75
30-October-2017,362.75,375.00,354.50,363.55,368.040001270890258626,31474,1180,11583691.00,5526,17.56,20.50,0.80
27-October-2017,352.00,364.00,339.10,359.15,356.663356354287442657,19837,778,7075131.00,4097,20.65,24.90,7.15
26-October-2017,347.20,354.90,342.00,347.05,348.767729874985395490,8559,417,2985103.00,2343,27.37,12.90,-0.15
25-October-2017,364.80,366.90,342.10,345.45,353.314480443517623722,19661,696,6946516.00,6244,31.76,24.80,-19.35
24-October-2017,377.00,379.95,355.15,358.60,367.613781726622869215,34553,932,12702159.00,12523,36.24,24.80,-18.40
23-October-2017,341.75,381.90,337.00,370.05,365.797293174091186470,91768,2849,33568486.00,18000,19.61,44.90,28.30
19-October-2017,340.85,342.95,333.00,336.80,339.366862800037358737,10707,226,3633601.00,6722,62.78,9.95,-4.05
18-October-2017,339.00,352.15,334.55,337.80,342.586961199168041311,41829,1701,14330070.00,10671,25.51,17.60,-1.20
17-October-2017,325.00,358.00,323.15,344.45,344.579619559958975946,103354,3831,35613682.00,21684,20.98,34.85,19.45
16-October-2017,315.85,337.50,305.00,324.00,326.967012006585551941,49806,2005,16284919.00,13213,26.53,32.50,8.15
13-October-2017,300.00,333.95,300.00,313.85,323.417844591956267083,51220,1861,16565462.00,12969,25.32,33.95,13.85
12-October-2017,296.55,307.40,296.55,300.30,301.957845433255269320,8540,348,2578720.00,3755,43.97,10.85,3.75
11-October-2017,310.00,312.90,294.50,296.25,299.810951602156399539,16509,600,4949579.00,7950,48.16,18.40,-13.75
10-October-2017,290.25,321.90,290.25,309.05,310.736353509097660601,59246,2036,18409886.00,14730,24.86,31.65,18.80
9-October-2017,303.00,308.00,286.00,290.30,295.640020464283430325,15637,620,4622923.00,6973,44.59,22.00,-12.70
6-October-2017,308.00,327.00,302.50,305.95,312.510402242004615891,121320,3843,37913762.00,28680,23.64,24.50,-2.05
5-October-2017,258.50,298.80,250.75,298.80,291.995654773187909187,68581,1756,20025354.00,15751,22.97,48.05,40.30
4-October-2017,251.90,258.80,247.00,249.00,251.321278656764610913,3097,219,778342.00,1076,34.74,11.80,-2.90
3-October-2017,254.80,254.95,246.10,248.15,250.911246200607902735,1645,175,412749.00,943,57.33,8.85,-6.65
29-September-2017,252.00,258.60,250.50,252.35,254.519509476031215161,897,57,228304.00,451,50.28,8.10,0.35
28-September-2017,263.00,263.00,248.15,253.85,253.424025457438345266,1257,111,318554.00,478,38.03,14.85,-9.15
27-September-2017,260.00,262.00,246.10,248.55,255.791189253259581193,5062,110,1294815.00,4096,80.92,15.90,-11.45
26-September-2017,254.00,261.65,253.65,259.80,257.515561569688768606,739,73,190304.00,325,43.98,8.00,5.80
25-September-2017,255.05,257.90,245.00,254.60,252.317544524441076165,2639,110,665866.00,1459,55.29,12.90,-0.45
22-September-2017,268.60,269.00,254.50,258.10,261.000515065670873036,3883,236,1013465.00,1944,50.06,14.50,-10.50
21-September-2017,278.95,278.95,265.05,268.35,269.984486873508353221,3352,345,904988.00,1294,38.60,13.90,-10.60
20-September-2017,272.00,280.00,270.05,271.15,273.455421686746987951,5810,305,1588776.00,2542,43.75,9.95,-0.85
19-September-2017,275.55,282.00,268.00,272.85,273.895914941242305540,7148,249,1957808.00,3812,53.33,14.00,-2.70
18-September-2017,272.05,282.80,269.40,270.50,275.505040806529044647,10415,465,2869385.00,6015,57.75,13.40,-1.55
15-September-2017,289.00,289.00,265.00,268.65,270.191919191919191919,5247,186,1417697.00,3319,63.26,24.00,-20.35
14-September-2017,276.65,285.45,274.40,276.70,280.099581200558399255,4298,240,1203868.00,1782,41.46,11.05,0.05
13-September-2017,287.95,289.95,270.50,272.90,281.133884998939104604,4713,223,1324984.00,2822,59.88,19.45,-15.05
12-September-2017,285.05,291.00,277.00,284.55,286.318381948266373142,7268,260,2080962.00,2775,38.18,14.00,-0.50
11-September-2017,285.00,293.40,277.10,282.20,284.675537143659598371,14242,419,4054349.00,6194,43.49,16.30,-2.80
8-September-2017,302.15,308.50,277.60,280.50,294.388876902792760397,41715,1612,12280432.00,17217,41.27,30.90,-21.65
7-September-2017,246.55,295.95,245.50,291.40,281.998947112658945492,24694,711,6963682.00,12441,50.38,50.45,44.85
6-September-2017,247.50,249.70,244.50,246.65,246.751285819250551065,2722,153,671657.00,1313,48.24,5.20,-0.85
5-September-2017,251.80,253.00,248.00,248.70,249.255614973262032085,935,48,233054.00,512,54.76,5.00,-3.10
4-September-2017,253.00,254.00,246.00,248.15,249.092152199762187871,3364,150,837946.00,1742,51.78,8.00,-4.85
1-September-2017,249.40,260.00,249.35,252.70,255.122200170116246101,3527,174,899816.00,1521,43.12,10.65,3.30
31-August-2017,256.85,256.85,247.25,249.10,250.162108513453903837,4534,209,1134235.00,2841,62.66,9.60,-7.75
30-August-2017,255.00,261.40,254.20,254.90,256.543080939947780678,2298,110,589536.00,995,43.30,7.20,-0.10
29-August-2017,255.00,264.75,253.25,256.05,258.956576350260183025,5573,261,1443165.00,2366,42.45,11.50,1.05
28-August-2017,249.20,255.00,244.80,252.60,249.062624537432393965,7026,170,1749914.00,3833,54.55,10.20,3.40
24-August-2017,245.00,252.00,244.15,250.75,249.050129645635263612,1157,59,288151.00,402,34.75,7.85,5.75
23-August-2017,240.00,248.95,239.40,245.25,243.472176759410801963,1222,72,297523.00,805,65.88,9.55,5.25
22-August-2017,244.50,246.50,236.10,237.75,240.725660149163475105,4961,200,1194240.00,2956,59.58,10.40,-6.75
21-August-2017,240.05,247.30,240.05,242.10,244.097872340425531914,1645,102,401541.00,889,54.04,7.25,2.05
18-August-2017,252.00,253.10,242.00,248.20,246.595300261096605744,2298,123,566676.00,435,18.93,11.10,-3.80
17-August-2017,241.25,257.50,240.30,249.35,251.220974808324205914,7304,342,1834918.00,3434,47.02,17.20,8.10
16-August-2017,251.00,258.30,237.00,239.75,241.235934182590233545,7536,215,1817954.00,4556,60.46,21.30,-11.25
14-August-2017,257.10,260.00,242.65,247.60,251.598232044198895027,4525,118,1138482.00,2688,59.40,17.35,-9.50
11-August-2017,255.00,258.25,245.00,251.95,253.886034912718204488,4010,156,1018083.00,1778,44.34,13.25,-3.05
10-August-2017,275.00,275.90,255.00,258.80,265.095543958249698916,2491,121,660353.00,1351,54.24,20.90,-16.20
9-August-2017,279.00,283.40,272.00,274.50,275.204176334106728538,2155,68,593065.00,1582,73.41,11.40,-4.50
8-August-2017,283.30,285.60,277.30,279.10,281.401829697396199859,2842,111,799744.00,1480,52.08,8.30,-4.20
7-August-2017,285.40,299.00,282.00,286.25,291.601539686753384656,7534,341,2196926.00,2340,31.06,17.00,0.85
4-August-2017,279.25,286.00,272.20,277.35,280.006146672318779143,4718,165,1321069.00,3211,68.06,13.80,-1.90
3-August-2017,281.00,283.35,274.35,275.70,277.714850882531953743,3286,127,912571.00,1986,60.44,9.00,-5.30
2-August-2017,286.00,290.25,280.95,282.00,285.070301291248206599,2091,83,596082.00,1292,61.79,9.30,-4.00
1-August-2017,289.40,291.95,281.00,284.45,285.342824273799252228,3477,140,992137.00,2077,59.74,10.95,-4.95
31-July-2017,290.00,297.00,286.00,287.70,288.309988518943742824,1742,88,502236.00,699,40.13,11.00,-2.30
28-July-2017,295.00,300.00,290.20,291.65,294.220458015267175572,6550,409,1927144.00,2489,38.00,9.80,-3.35
27-July-2017,300.00,305.85,288.00,291.65,297.745480690221857025,9736,386,2898850.00,4261,43.77,17.85,-8.35
26-July-2017,284.00,303.75,284.00,296.95,298.513195275119617224,26752,730,7985825.00,13670,51.10,19.75,12.95
25-July-2017,289.90,293.00,282.50,284.25,285.781609195402298850,5394,184,1541506.00,2852,52.87,10.50,-5.65
24-July-2017,287.10,293.00,282.00,283.50,286.870008873114463176,6762,233,1939815.00,3700,54.72,11.00,-3.60
21-July-2017,289.60,294.70,284.00,288.70,289.378935532233883058,5336,186,1544126.00,2891,54.18,10.70,-0.90
20-July-2017,297.00,301.00,285.00,286.95,289.458475540386803185,8790,284,2544340.00,3891,44.27,16.00,-10.05
19-July-2017,300.00,308.85,293.00,297.50,300.603157074184747304,15394,669,4627485.00,6130,39.82,15.85,-2.50
18-July-2017,302.00,314.35,291.50,299.70,300.485510123064708217,20152,803,6055384.00,5185,25.73,22.85,-2.30
17-July-2017,294.00,308.90,277.40,299.30,295.675026090256475127,31621,1160,9349540.00,7617,24.09,31.50,5.30
14-July-2017,315.45,321.85,292.10,293.95,303.077114427860696517,31758,1065,9625123.00,8696,27.38,29.75,-21.50
13-July-2017,290.00,330.95,290.00,313.50,317.846242749823427434,93446,3551,29701460.00,28947,30.98,40.95,23.50
12-July-2017,266.60,291.20,266.45,287.30,281.686307974570124162,46874,1478,13203764.00,19726,42.08,24.75,20.70
11-July-2017,271.60,275.00,265.10,266.60,269.048770071745814827,11708,340,3150023.00,6327,54.04,9.90,-5.00
10-July-2017,267.00,275.00,263.50,272.65,268.736018898420987193,40215,499,10807219.00,24594,61.16,11.50,5.65
7-July-2017,284.40,289.70,257.40,260.65,273.494692144373673036,48984,1723,13396864.00,14729,30.07,32.30,-23.75
6-July-2017,230.00,271.60,230.00,271.60,259.769407722322520528,34342,1007,8921001.00,11936,34.76,41.60,41.60
5-July-2017,227.95,228.55,225.50,226.35,226.311688311688311688,1386,18,313668.00,1308,94.37,3.05,-1.60
4-July-2017,221.00,227.50,220.00,224.85,222.919467151074780502,3303,78,736303.00,3016,91.31,7.50,3.85
3-July-2017,224.00,224.00,215.00,221.45,219.225332508506031549,6466,153,1417511.00,3639,56.28,9.00,-2.55
30-June-2017,219.60,224.80,219.50,222.25,220.186804451510333863,3774,25,830985.00,3470,91.94,5.30,2.65
29-June-2017,220.00,221.00,220.00,221.00,220.062573099415204678,1710,5,376307.00,1710,100.00,1.00,1.00
28-June-2017,219.00,219.00,216.55,217.50,217.325860688550840672,1249,27,271440.00,1182,94.64,2.45,-1.50
27-June-2017,218.00,220.00,216.00,218.95,218.229142185663924794,1702,44,371426.00,1397,82.08,4.00,0.95
23-June-2017,218.00,218.80,215.50,218.80,217.166666666666666666,720,23,156360.00,620,86.11,3.30,0.80
22-June-2017,220.95,221.50,218.50,220.00,219.994434137291280148,1078,30,237154.00,860,79.78,3.00,-0.95
21-June-2017,216.10,221.00,214.10,220.20,218.625896057347670250,2232,44,487973.00,1031,46.19,6.90,4.10
20-June-2017,218.00,221.95,215.50,216.15,216.823375945734411687,3833,123,831084.00,2137,55.75,6.45,-1.85
19-June-2017,225.00,227.00,216.25,220.45,220.024000000000000000,875,44,192521.00,587,67.09,10.75,-4.55
16-June-2017,224.95,224.95,215.05,221.65,220.072488866897575457,4042,121,889533.00,2509,62.07,9.90,-3.30
15-June-2017,226.10,226.10,220.05,221.55,222.678640401699497875,2589,92,576515.00,1795,69.33,6.05,-4.55
14-June-2017,229.15,233.00,227.20,227.85,228.992378048780487804,1312,52,300438.00,660,50.30,5.80,-1.30
13-June-2017,231.05,238.00,228.20,231.90,231.319801980198019801,1010,34,233633.00,811,80.30,9.80,0.85
12-June-2017,236.85,236.85,231.00,231.00,233.245641838351822503,631,33,147178.00,369,58.48,5.85,-5.85
9-June-2017,233.00,237.00,231.00,236.05,234.436842105263157894,2660,49,623602.00,1957,73.57,6.00,3.05
8-June-2017,226.00,237.90,225.00,229.55,232.283777239709443099,2065,83,479666.00,850,41.16,12.90,3.55
7-June-2017,228.00,232.15,221.10,222.70,226.087135506003430531,2915,92,659044.00,2048,70.26,11.05,-5.30
6-June-2017,228.05,228.30,225.00,225.65,227.227833894500561167,891,34,202460.00,722,81.03,3.30,-2.40
5-June-2017,228.55,230.00,226.60,228.90,228.501905972045743329,1574,35,359662.00,674,42.82,3.40,0.35
2-June-2017,229.95,232.90,225.05,227.25,228.110992529348986125,2811,63,641220.00,1765,62.79,7.85,-2.70
1-June-2017,229.00,235.40,227.00,227.70,230.440898876404494382,2225,82,512731.00,1052,47.28,8.40,-1.30
31-May-2017,228.55,235.00,226.90,232.05,231.284454244762954796,907,48,209775.00,711,78.39,8.10,3.50
30-May-2017,230.80,233.00,220.00,228.45,226.431674842326559215,5708,173,1292472.00,2718,47.62,13.00,-2.35
29-May-2017,245.00,245.00,235.00,237.05,238.952481520591341077,947,21,226288.00,799,84.37,10.00,-7.95
26-May-2017,240.00,248.95,238.00,245.65,245.179802955665024630,2436,66,597258.00,1045,42.90,10.95,5.65
25-May-2017,240.85,242.85,236.70,240.90,240.145454545454545454,440,20,105664.00,330,75.00,6.15,0.05
24-May-2017,241.60,245.75,235.00,237.55,240.865721434528773978,1199,52,288798.00,773,64.47,10.75,-4.05
23-May-2017,248.85,248.85,242.00,244.50,244.227077363896848137,1396,49,340941.00,681,48.78,6.85,-4.35
22-May-2017,254.00,259.95,249.50,249.50,252.912804171494785631,3452,40,873055.00,1359,39.37,10.45,-4.50
19-May-2017,250.00,258.00,250.00,254.00,255.580510440835266821,2155,18,550776.00,1835,85.15,8.00,4.00
18-May-2017,257.00,260.00,257.00,257.60,258.113207547169811320,1696,27,437760.00,1488,87.74,3.00,0.60
17-May-2017,262.00,265.00,260.00,261.70,263.497798972853998532,2726,52,718295.00,1450,53.19,5.00,-0.30
16-May-2017,258.00,264.95,253.00,255.00,256.568094534711964549,3385,42,868483.00,983,29.04,11.95,-3.00
15-May-2017,256.20,261.80,255.00,257.25,258.973509933774834437,1812,67,469260.00,928,51.21,6.80,1.05
12-May-2017,260.00,264.00,257.00,257.30,259.098461538461538461,325,18,84207.00,243,74.77,7.00,-2.70
11-May-2017,263.25,266.00,259.35,261.10,261.888646288209606986,916,36,239890.00,701,76.53,6.65,-2.15
10-May-2017,269.00,269.00,261.85,264.50,265.530638029058749210,1583,47,420335.00,1377,86.99,7.15,-4.50
9-May-2017,265.00,272.00,265.00,267.55,267.115484429065743944,2312,74,617571.00,1447,62.59,7.00,2.55
8-May-2017,260.65,262.90,259.50,260.50,260.747756729810568295,3009,42,784590.00,2395,79.59,3.40,-0.15
5-May-2017,260.00,263.10,258.00,258.45,259.251997868939797549,1877,48,486616.00,1114,59.35,5.10,-1.55
4-May-2017,260.80,268.90,259.00,261.50,262.053165334972341733,3254,77,852721.00,1851,56.88,9.90,0.70
3-May-2017,264.00,264.00,258.00,258.30,259.925411968777103209,1153,44,299694.00,613,53.17,6.00,-5.70
2-May-2017,266.00,266.05,256.00,259.20,261.657238307349665924,4490,91,1174841.00,3797,84.57,10.05,-6.80
28-April-2017,270.00,272.00,266.00,266.95,268.737739872068230277,938,41,252076.00,672,71.64,6.00,-3.05
27-April-2017,269.70,273.00,267.00,267.35,269.550678371907422186,2506,63,675494.00,2211,88.23,6.00,-2.35
26-April-2017,273.00,273.00,265.00,267.95,270.162290142057684029,2323,74,627587.00,1999,86.05,8.00,-5.05
25-April-2017,274.10,275.65,271.00,271.60,273.636057287278854254,2374,70,649612.00,2031,85.55,4.65,-2.50
24-April-2017,275.00,286.35,273.00,274.85,275.964817880794701986,2416,142,666731.00,1175,48.63,13.35,-0.15
21-April-2017,271.00,285.00,271.00,275.25,280.676173499702911467,3366,108,944756.00,1731,51.43,14.00,4.25
20-April-2017,268.65,284.85,268.65,279.75,280.022478926006868560,6406,180,1793824.00,3735,58.30,16.20,11.10
19-April-2017,271.00,271.00,264.10,267.50,268.697853604843148046,1817,96,488224.00,1397,76.88,6.90,-3.50
18-April-2017,277.60,277.60,271.00,271.25,273.480512546716497597,1873,102,512229.00,1314,70.15,6.60,-6.35
17-April-2017,279.35,279.35,273.00,276.75,276.972664218686250509,2451,110,678860.00,2007,81.88,6.35,-2.60
13-April-2017,275.00,282.50,274.50,279.10,279.119022869022869022,1924,107,537025.00,852,44.28,8.00,4.10
12-April-2017,277.45,278.00,270.00,272.20,273.452486025301559282,6798,129,1858930.00,4154,61.11,8.00,-5.25
11-April-2017,281.00,283.60,276.10,278.40,278.800717547292889758,3066,142,854803.00,2131,69.50,7.50,-2.60
10-April-2017,281.00,286.50,279.55,280.90,282.948912567508392935,6851,140,1938483.00,4954,72.31,6.95,-0.10
7-April-2017,288.00,288.00,274.10,278.80,282.980131050517860917,4731,156,1338779.00,2357,49.82,13.90,-9.20
6-April-2017,288.80,290.00,282.25,284.35,285.552820314014343865,5159,154,1473167.00,3934,76.26,7.75,-4.45
5-April-2017,287.00,294.50,287.00,289.70,291.644094488188976377,6350,192,1851940.00,3505,55.20,7.50,2.70
3-April-2017,294.00,302.60,285.10,287.95,291.288859325379795725,46604,714,13575226.00,19447,41.73,17.50,-6.05
31-March-2017,270.00,297.50,266.05,288.95,286.029974320375453820,22586,585,6460273.00,8801,38.97,31.45,18.95
30-March-2017,254.00,270.00,254.00,268.00,260.640491305547888490,7246,130,1888601.00,5927,81.80,16.00,14.00
29-March-2017,258.00,258.00,250.00,252.45,253.873463599117554364,6346,121,1611081.00,5388,84.90,8.00,-5.55
28-March-2017,258.70,259.00,255.00,255.45,257.030674846625766871,1141,41,293272.00,953,83.52,4.00,-3.25
27-March-2017,257.70,261.00,252.05,254.85,256.387160299330445057,2539,106,650967.00,1555,61.24,8.95,-2.85
24-March-2017,259.40,259.50,255.00,255.00,255.533333333333333333,885,28,226147.00,576,65.08,4.50,-4.40
23-March-2017,257.55,259.00,254.35,256.80,257.272727272727272727,517,37,133010.00,359,69.44,4.65,-0.75
22-March-2017,262.95,262.95,254.00,256.45,258.464846202134337727,3186,71,823469.00,2562,80.41,8.95,-6.50
21-March-2017,262.00,264.00,253.10,256.00,256.794914448669201520,4208,75,1080593.00,2859,67.94,10.90,-6.00
20-March-2017,263.65,263.65,260.00,260.00,260.899328859060402684,298,9,77748.00,280,93.96,3.65,-3.65
17-March-2017,257.00,264.70,256.00,261.10,260.966061185468451242,2092,86,545941.00,1586,75.81,8.70,4.10
16-March-2017,264.70,265.00,253.75,255.10,257.891129956451982580,4363,213,1125179.00,2558,58.63,11.25,-9.60
15-March-2017,261.65,266.20,259.20,260.90,261.266360983743226344,2399,104,626778.00,1835,76.49,7.00,-0.75
14-March-2017,265.45,269.80,264.25,264.25,267.088580112896222318,2303,65,615105.00,1697,73.69,5.55,-1.20
10-March-2017,267.50,267.50,263.60,265.00,264.113821138211382113,123,17,32486.00,115,93.50,3.90,-2.50
9-March-2017,266.00,270.00,264.00,264.30,266.435133770822816759,1981,40,527808.00,1327,66.99,6.00,-1.70
8-March-2017,267.00,271.70,263.60,266.55,266.011283005699662673,8597,23,2286899.00,8481,98.65,8.10,-0.45
7-March-2017,274.00,275.00,260.00,263.40,267.447322212467076382,4556,170,1218490.00,2837,62.27,15.00,-10.60
6-March-2017,279.10,283.00,270.00,272.50,275.380211228460255697,5397,116,1486227.00,4368,80.93,13.00,-6.60
3-March-2017,281.00,285.80,279.10,281.70,281.245223838038209295,3507,118,986327.00,2264,64.56,6.70,0.70
2-March-2017,287.95,295.20,279.00,285.40,288.341022850924918389,4595,130,1324927.00,3272,71.21,16.20,-2.55
1-March-2017,284.00,287.00,280.00,284.30,283.079564489112227805,2388,77,675994.00,1583,66.29,7.00,0.30
28-February-2017,280.00,281.20,280.00,280.30,280.281818181818181818,440,18,123324.00,320,72.73,1.20,0.30
27-February-2017,283.70,283.70,277.80,280.00,280.160762942779291553,367,21,102819.00,310,84.47,5.90,-3.70
23-February-2017,282.65,285.50,282.65,283.35,283.338709677419354838,124,9,35134.00,100,80.65,2.85,0.70
22-February-2017,285.25,285.35,279.25,280.15,281.224236147074054893,1931,41,543044.00,1671,86.54,6.10,-5.10
21-February-2017,287.00,287.00,282.00,282.05,283.602083333333333333,960,49,272258.00,737,76.77,5.00,-4.95
20-February-2017,281.50,291.00,281.50,284.20,286.533854166666666666,2688,122,770203.00,1580,58.78,9.50,2.70
17-February-2017,288.70,290.00,285.00,285.90,286.924283765347885402,1466,36,420631.00,1130,77.08,5.00,-2.80
16-February-2017,282.20,295.60,280.15,286.90,290.530671506352087114,2755,144,800412.00,1100,39.93,15.45,4.70
15-February-2017,282.50,283.40,278.50,281.00,281.068198133524766690,2786,107,783056.00,1885,67.66,4.90,-1.50
14-February-2017,270.65,286.00,268.05,281.85,280.186808898139716404,7687,179,2153796.00,6104,79.41,17.95,11.20
13-February-2017,295.65,302.00,283.20,287.85,289.549830124575311438,1766,121,511345.00,1025,58.04,18.80,-7.80
10-February-2017,303.00,303.00,294.00,296.05,297.679964799061308301,3409,114,1014791.00,1658,48.64,9.00,-6.95
9-February-2017,302.00,303.00,297.85,298.70,300.214285714285714285,1834,82,550593.00,870,47.44,5.15,-3.30
8-February-2017,302.00,308.00,299.60,300.90,303.063934426229508196,2440,143,739476.00,1685,69.06,8.40,-1.10
7-February-2017,301.00,309.40,297.50,297.75,303.366396761133603238,1482,114,449589.00,559,37.72,11.90,-3.25
6-February-2017,301.00,304.70,295.20,297.20,298.380380380380380380,999,35,298082.00,803,80.38,9.50,-3.80
3-February-2017,334.00,334.00,297.50,298.10,307.579405034324942791,2185,158,672061.00,1046,47.87,36.50,-35.90
2-February-2017,295.75,302.90,295.50,301.95,299.518686296715741789,883,39,264475.00,714,80.86,7.40,6.20
1-February-2017,295.00,300.00,292.55,296.85,296.711150131694468832,3417,120,1013862.00,1260,36.87,7.45,1.85
31-January-2017,293.80,300.40,290.40,292.85,294.098216924440941779,10151,458,2985391.00,6080,59.90,10.00,-0.95
30-January-2017,297.50,307.70,295.00,296.00,298.731776516804888694,4582,279,1368789.00,2164,47.23,12.70,-1.50
27-January-2017,307.00,309.35,295.00,296.90,302.132383544101168560,6247,184,1887421.00,4472,71.59,14.35,-10.10
25-January-2017,313.25,314.00,303.00,307.00,308.749755446865273454,11245,373,3471891.00,5847,52.00,11.00,-6.25
24-January-2017,289.80,323.70,288.00,310.55,314.748814197521855251,68519,2594,21566274.00,15234,22.23,35.70,20.75
23-January-2017,291.00,295.70,280.80,285.75,286.842865395725014442,1731,70,496525.00,868,50.14,14.90,-5.25
20-January-2017,295.75,299.85,285.60,287.00,292.836892602909316001,3231,145,946156.00,2016,62.40,14.25,-8.75
19-January-2017,304.00,306.25,295.50,297.95,301.212999560825647782,2277,130,685862.00,1354,59.46,10.75,-6.05
18-January-2017,301.55,311.00,301.00,303.95,307.658740790354989953,2986,135,918669.00,1553,52.01,10.00,2.40
17-January-2017,299.00,308.00,298.95,304.15,304.051585918438480306,5738,226,1744648.00,2264,39.46,9.05,5.15
16-January-2017,293.85,308.60,292.00,305.15,302.711601766358892011,12455,477,3770273.00,3882,31.17,16.60,11.30
13-January-2017,281.25,297.00,275.10,293.00,288.006994912790697674,11008,402,3170381.00,4927,44.76,21.90,11.75
12-January-2017,292.60,292.60,278.00,282.70,282.899887874419349671,6243,256,1766144.00,3226,51.67,14.60,-9.90
11-January-2017,278.00,293.70,277.75,289.00,286.830642759278012747,16787,789,4815026.00,5901,35.15,15.95,11.00
10-January-2017,266.10,275.00,264.00,273.95,273.143304970891177787,6699,152,1829787.00,4670,69.71,11.00,7.85
9-January-2017,265.00,273.80,265.00,269.85,269.970008952551477170,2234,59,603113.00,1727,77.31,8.80,4.85
6-January-2017,264.20,270.00,264.20,265.45,267.580510827318156579,3602,181,963825.00,1868,51.86,5.80,1.25
5-January-2017,265.00,274.15,262.55,263.85,268.660519480519480519,11550,347,3103029.00,5746,49.75,11.60,-1.15
4-January-2017,255.00,264.85,252.25,260.55,261.028978530855877539,10387,315,2711308.00,4938,47.54,12.60,5.55
3-January-2017,242.50,262.45,241.00,252.05,252.874751906403426303,9573,465,2420770.00,2811,29.36,21.45,9.55
2-January-2017,243.00,243.00,235.00,238.95,238.757247642333216905,2863,151,683562.00,1399,48.86,8.00,-4.05
30-December-2016,246.00,247.30,238.55,239.90,243.201277955271565495,939,31,228366.00,605,64.43,8.75,-6.10
29-December-2016,239.30,244.30,239.30,242.95,243.008733624454148471,458,29,111298.00,324,70.74,5.00,3.65
28-December-2016,240.00,246.00,239.00,240.85,243.474689589302769818,1047,77,254918.00,589,56.26,7.00,0.85
27-December-2016,233.70,240.00,232.80,236.55,236.990455531453362255,2305,138,546263.00,1706,74.01,7.20,2.85
26-December-2016,237.00,242.00,235.00,235.75,236.684210526315789473,494,30,116922.00,353,71.46,7.00,-1.25
23-December-2016,240.00,245.00,240.00,241.35,243.180032733224222585,611,23,148583.00,343,56.14,5.00,1.35
22-December-2016,247.00,247.75,236.85,238.65,240.259525825571549534,2362,113,567493.00,1223,51.78,10.90,-8.35
21-December-2016,250.00,250.00,245.05,246.70,246.790228903313973351,2927,114,722355.00,1926,65.80,4.95,-3.30
20-December-2016,253.00,254.45,245.00,245.95,249.802274715660542432,3429,111,856572.00,2606,76.00,9.45,-7.05
19-December-2016,256.10,257.00,254.50,256.95,255.330708661417322834,635,43,162135.00,535,84.25,2.50,0.85
16-December-2016,260.00,263.80,254.10,257.20,259.058823529411764705,510,22,132120.00,405,79.41,9.70,-2.80
15-December-2016,248.00,268.00,248.00,260.05,264.774225774225774225,2002,110,530078.00,555,27.72,20.00,12.05
14-December-2016,261.15,273.85,261.15,262.35,266.776203625885460439,8329,362,2221979.00,4282,51.41,12.70,1.20
13-December-2016,255.70,259.00,250.10,257.20,257.180093761269383339,27730,18,7131604.00,27661,99.75,8.90,1.50
12-December-2016,262.00,266.65,253.00,253.95,255.527670527670527670,1554,43,397090.00,1365,87.84,13.65,-8.05
9-December-2016,260.00,265.00,259.40,263.55,262.664235890932149651,3154,95,828443.00,2274,72.10,5.60,3.55
8-December-2016,253.65,263.25,253.65,255.95,257.054353811059545347,12713,228,3267932.00,10421,81.97,9.60,2.30
7-December-2016,254.80,254.80,247.30,248.65,250.842643587726199842,1271,39,318821.00,918,72.23,7.50,-6.15
6-December-2016,250.00,254.50,248.50,251.30,251.893854748603351955,1969,65,495979.00,1480,75.17,6.00,1.30
5-December-2016,246.05,249.95,244.50,246.20,245.934504792332268370,626,45,153955.00,313,50.00,5.45,0.15
2-December-2016,255.50,255.50,244.30,246.80,248.525354969574036511,1972,81,490092.00,821,41.63,11.20,-8.70
1-December-2016,251.00,258.00,250.00,255.00,253.948189970109598140,3011,155,764638.00,1191,39.55,8.00,4.00
30-November-2016,254.00,258.00,250.00,252.75,253.397374701670644391,3352,139,849388.00,1956,58.35,8.00,-1.25
29-November-2016,255.65,268.40,253.65,254.50,257.913434438330425446,7451,306,1921713.00,3015,40.46,14.75,-1.15
28-November-2016,258.95,259.00,251.20,255.40,255.465536105032822757,3656,112,933982.00,2419,66.17,7.80,-3.55
25-November-2016,253.95,260.00,249.45,255.10,254.671555885629409580,5386,374,1371661.00,3380,62.76,10.55,1.15
24-November-2016,238.00,255.00,235.95,245.60,247.918897882938978829,6424,364,1592631.00,2647,41.20,19.05,7.60
23-November-2016,235.00,243.00,229.40,235.00,236.827051628502346750,7031,286,1665131.00,3917,55.71,13.60,0.00
22-November-2016,234.55,238.00,225.10,232.90,231.680534467051320983,3293,246,762924.00,1167,35.44,12.90,-1.65
21-November-2016,247.00,248.95,225.00,229.90,236.398540555711479090,7126,281,1684576.00,4213,59.12,23.95,-17.10
18-November-2016,253.10,255.00,244.00,245.45,248.340324763193504736,4434,273,1101141.00,1523,34.35,11.00,-7.65
17-November-2016,262.10,276.90,248.75,250.40,255.091206332817071072,5811,265,1482335.00,4034,69.42,28.15,-11.70
16-November-2016,284.00,284.00,260.00,264.30,271.501224889759921607,6123,230,1662402.00,3466,56.61,24.00,-19.70
15-November-2016,294.00,299.90,274.90,279.65,280.498145371320337779,12671,661,3554192.00,5676,44.80,25.00,-14.35
11-November-2016,308.75,323.00,289.10,290.45,292.829490531653593217,12621,422,3695801.00,5141,40.73,33.90,-18.30
10-November-2016,296.00,311.10,296.00,301.75,304.535491127218195451,8002,396,2436893.00,2989,37.35,15.10,5.75
9-November-2016,245.10,299.00,245.10,292.05,282.668189409568719913,20358,770,5754559.00,5469,26.86,53.90,46.95
8-November-2016,309.00,317.00,304.25,306.35,310.148948106591865357,7130,354,2211362.00,2373,33.28,12.75,-2.65
7-November-2016,304.00,314.30,304.00,308.45,310.650955675823799410,14597,760,4534572.00,5370,36.79,10.30,4.45
4-November-2016,318.00,318.00,296.00,299.60,302.945798401247806589,15387,695,4661427.00,5227,33.97,22.00,-18.40
3-November-2016,326.55,332.20,315.00,316.55,323.638538850058670475,19601,788,6343639.00,6659,33.97,17.20,-10.00
2-November-2016,325.00,338.40,320.00,325.55,329.646532241495700155,34071,1411,11231387.00,11730,34.43,18.40,0.55
1-November-2016,336.05,347.45,325.80,328.75,335.629233877872529881,29199,1528,9800038.00,9953,34.09,21.65,-7.30
30-October-2016,342.65,343.70,331.25,334.65,337.552930299450408341,19469,638,6571818.00,8034,41.27,12.45,-8.00
28-October-2016,293.05,345.30,293.00,337.80,329.572492063124232382,172612,6154,56888167.00,30301,17.55,52.30,44.75
27-October-2016,294.00,298.00,290.00,290.80,293.670068027210884353,5292,196,1554102.00,1773,33.50,8.00,-3.20
26-October-2016,302.00,302.00,291.00,292.20,295.613395506570580754,4718,190,1394704.00,3527,74.76,11.00,-9.80
25-October-2016,303.65,305.00,299.00,300.50,300.764013840830449826,5780,236,1738416.00,4140,71.63,6.00,-3.15
24-October-2016,309.45,313.00,300.75,302.75,307.343800106894708711,7484,259,2300161.00,4693,62.71,12.25,-6.70
21-October-2016,298.00,309.90,294.00,304.55,302.409113179813816756,18369,642,5554953.00,8648,47.08,15.90,6.55
20-October-2016,300.00,308.00,291.95,296.10,299.147460364063417498,13624,537,4075585.00,4579,33.61,16.05,-3.90
19-October-2016,303.95,305.00,296.05,297.70,299.615139106347103456,16606,479,4975409.00,3859,23.24,8.95,-6.25
18-October-2016,309.00,309.00,297.30,298.40,302.506014942383183487,7897,352,2388890.00,4001,50.66,11.70,-10.60
17-October-2016,287.00,314.60,287.00,302.55,303.181216383947041787,16919,961,5129523.00,4831,28.55,27.60,15.55
14-October-2016,293.00,296.05,287.00,290.55,292.520238095238095238,3360,206,982868.00,1625,48.36,9.05,-2.45
13-October-2016,299.10,301.95,284.95,289.55,290.441870824053452115,8980,400,2608168.00,4166,46.39,17.00,-9.55
10-October-2016,312.00,312.00,302.00,302.70,307.157534246575342465,3504,133,1076280.00,1617,46.15,10.00,-9.30
7-October-2016,311.75,313.90,306.10,307.40,310.054767047207651959,12964,436,4019550.00,7410,57.16,7.80,-4.35
6-October-2016,313.50,325.00,304.20,310.00,314.901728423608301057,34598,1585,10894970.00,8903,25.73,20.80,-3.50
5-October-2016,305.00,319.30,298.85,310.70,310.003324194653872515,29180,1183,9045897.00,7738,26.52,20.45,5.70
4-October-2016,300.00,315.45,300.00,302.30,307.497934082828865186,10407,470,3200131.00,3895,37.43,15.45,2.30
3-October-2016,310.00,319.50,300.00,305.80,309.426110124333925399,33780,1392,10452414.00,13119,38.84,19.50,-4.20
30-September-2016,288.00,309.00,280.00,299.75,298.575203548299773025,48023,1981,14338477.00,14136,29.44,29.00,11.75
29-September-2016,293.00,323.40,243.20,275.35,297.769295052945251421,90943,4092,27080033.00,17682,19.44,80.20,-17.65
28-September-2016,319.00,333.00,289.00,292.60,316.495717928255834322,102754,4096,32521201.00,25965,25.27,44.00,-26.40
27-September-2016,256.95,305.00,254.45,305.00,301.669860849844988169,152569,2192,46025469.00,41434,27.16,50.55,48.05
26-September-2016,253.00,256.00,243.10,254.20,249.810882956878850102,4870,286,1216579.00,2523,51.81,12.90,1.20
23-September-2016,238.05,262.50,235.35,253.20,254.198418972332015810,16445,1096,4180293.00,6933,42.16,27.15,15.15
22-September-2016,234.65,246.00,234.60,237.55,239.699773627617430673,3534,131,847099.00,1812,51.27,11.40,2.90
21-September-2016,250.00,250.00,232.00,232.50,235.494897959183673469,1568,79,369256.00,767,48.92,18.00,-17.50
20-September-2016,236.05,236.90,234.10,234.80,235.150462962962962962,864,52,203170.00,513,59.38,2.80,-1.25
19-September-2016,235.00,239.15,234.05,235.40,236.590555014605647517,2054,122,485957.00,1512,73.61,5.10,0.40
16-September-2016,243.35,244.00,235.50,237.70,241.125342465753424657,2920,100,704086.00,2171,74.35,8.50,-5.65
15-September-2016,253.50,253.50,236.95,242.45,243.025883524141363862,2009,140,488239.00,561,27.92,16.55,-11.05
14-September-2016,234.45,242.90,233.00,235.60,235.698993595608417200,1093,105,257619.00,634,58.01,9.90,1.15
12-September-2016,235.00,237.05,232.50,234.35,234.695884146341463414,1312,89,307921.00,931,70.96,4.55,-0.65
9-September-2016,236.10,248.20,233.00,242.30,238.030385078219013237,3324,193,791213.00,2072,62.33,15.20,6.20
8-September-2016,242.10,245.95,238.00,239.95,240.303052325581395348,1376,85,330657.00,927,67.37,7.95,-2.15
7-September-2016,244.00,244.00,239.75,240.25,241.460855080510827318,1801,65,434871.00,1450,80.51,4.25,-3.75
6-September-2016,240.10,245.50,232.55,239.65,240.232389502762430939,5792,431,1391426.00,2852,49.24,12.95,-0.45
2-September-2016,241.00,255.80,241.00,243.45,247.161224903670655039,4931,172,1218752.00,3354,68.02,14.80,2.45
1-September-2016,230.95,258.00,226.95,249.60,248.218948856940843742,12729,719,3159579.00,4909,38.57,31.05,18.65
31-August-2016,228.95,231.05,225.95,226.65,228.434394904458598726,785,44,179321.00,398,50.70,5.10,-2.30
30-August-2016,227.00,228.30,224.00,225.65,225.829824561403508771,570,43,128723.00,363,63.68,4.30,-1.35
29-August-2016,233.10,233.10,223.00,224.30,227.762343096234309623,2390,141,544352.00,1673,70.00,10.10,-8.80
26-August-2016,230.00,232.60,229.00,229.90,229.662337662337662337,1694,48,389048.00,1439,84.95,3.60,-0.10
25-August-2016,234.40,234.40,230.00,232.05,232.310295519542421353,2098,44,487387.00,1591,75.83,4.40,-2.35
24-August-2016,233.00,233.00,227.50,231.00,228.757049891540130151,461,23,105457.00,433,93.93,5.50,-2.00
23-August-2016,229.50,231.80,229.00,229.45,229.560580204778156996,1172,38,269045.00,1002,85.49,2.80,-0.05
22-August-2016,232.15,235.00,228.25,231.50,231.559518754423213021,7065,86,1635968.00,4557,64.50,6.75,-0.65
19-August-2016,234.45,237.90,231.20,235.50,234.378980891719745222,942,50,220785.00,756,80.25,6.70,1.05
18-August-2016,238.00,239.00,235.00,236.55,237.209703947368421052,1216,31,288447.00,876,72.04,4.00,-1.45
17-August-2016,231.30,236.35,231.25,235.50,234.442255892255892255,5940,79,1392587.00,5224,87.95,5.10,4.20
16-August-2016,230.30,235.00,225.20,230.90,228.963276836158192090,6726,239,1540007.00,3851,57.26,9.80,0.60
12-August-2016,238.00,242.00,230.00,232.55,235.864298911927735577,4871,187,1148895.00,3113,63.91,12.00,-5.45
11-August-2016,240.00,243.00,235.00,236.45,240.069315023704430276,6117,169,1468504.00,5004,81.80,8.00,-3.55
10-August-2016,242.00,245.80,240.00,241.20,242.906338886631450629,4922,130,1195585.00,3151,64.02,5.80,-0.80
9-August-2016,242.00,250.00,240.00,242.60,244.166508688783570300,6330,300,1545574.00,3339,52.75,10.00,0.60
8-August-2016,259.80,259.80,231.00,244.00,243.829917198316818243,36835,1146,8981475.00,14660,39.80,28.80,-15.80
5-August-2016,279.05,292.70,273.00,276.85,279.087229369312833385,9561,317,2668353.00,5454,57.04,19.70,-2.20
4-August-2016,272.00,283.70,272.00,280.65,278.699845281072717895,3878,132,1080798.00,1966,50.70,11.70,8.65
3-August-2016,281.95,282.00,265.10,268.15,271.669742153389900321,12139,345,3297799.00,6784,55.89,16.90,-13.80
2-August-2016,290.50,290.50,282.00,282.70,285.627709942686269623,4013,138,1146224.00,2612,65.09,8.50,-7.80
1-August-2016,298.00,303.00,288.15,290.80,296.534605563768310710,7441,208,2206514.00,4012,53.92,14.85,-7.20
29-July-2016,298.00,303.50,290.00,294.20,297.884425174446175733,14761,432,4397072.00,6985,47.32,13.50,-3.80
28-July-2016,280.00,302.00,280.00,293.90,294.283827668326477592,32333,1091,9515079.00,13468,41.65,22.00,13.90
27-July-2016,276.00,286.00,275.00,275.90,280.482131063330153371,13627,376,3822130.00,7958,58.40,11.00,-0.10
26-July-2016,275.60,293.20,272.10,275.80,283.395037979678405839,40548,1196,11491102.00,22063,54.41,21.10,0.20
25-July-2016,245.10,281.80,245.10,274.25,270.619147407496108250,50106,1337,13559643.00,22083,44.07,36.70,29.15
22-July-2016,245.00,245.05,243.10,243.75,244.551301115241635687,2690,46,657843.00,2220,82.53,1.95,-1.25
21-July-2016,247.95,248.60,243.50,244.20,245.289128758673862760,1297,41,318140.00,975,75.17,5.10,-3.75
20-July-2016,244.90,245.00,243.00,244.00,244.237476808905380333,4312,40,1053152.00,3787,87.82,2.00,-0.90
19-July-2016,242.00,244.45,241.60,242.10,242.877378435517970401,946,32,229762.00,650,68.71,2.85,0.10
18-July-2016,243.15,245.00,242.00,243.15,243.404913848117421825,3134,68,762831.00,2429,77.50,3.00,0.00
15-July-2016,243.20,247.00,242.00,242.75,243.881164106709781729,1237,39,301681.00,845,68.31,5.00,-0.45
14-July-2016,247.50,250.00,243.00,243.45,244.930339666090961427,1737,55,425444.00,962,55.38,7.00,-4.05
13-July-2016,245.50,245.50,243.00,244.15,244.323156089193825042,2915,52,712202.00,2295,78.73,2.50,-1.35
12-July-2016,248.00,251.95,243.50,244.25,246.599930603747397640,2882,71,710701.00,2168,75.23,8.45,-3.75
11-July-2016,253.90,255.70,247.10,248.90,251.001629106706489275,3683,112,924439.00,2749,74.64,8.60,-5.00
8-July-2016,247.60,248.00,245.00,247.10,246.843993759750390015,1282,41,316454.00,1068,83.31,3.00,-0.50
7-July-2016,252.00,252.00,247.00,248.10,249.303630363036303630,1212,38,302156.00,943,77.81,5.00,-3.90
5-July-2016,250.00,254.70,248.00,248.50,249.128046687263989014,2913,47,725710.00,1670,57.33,6.70,-1.50
4-July-2016,248.10,250.10,246.00,247.25,248.723625557206537890,3365,46,836955.00,3128,92.96,4.10,-0.85
1-July-2016,249.55,249.55,244.00,248.30,247.586132437619961612,4168,125,1031939.00,2881,69.12,5.55,-1.25
30-June-2016,252.95,253.00,245.15,246.75,248.576192183578343492,2789,64,693279.00,1920,68.84,7.85,-6.20
29-June-2016,245.90,253.00,245.90,249.10,249.340787119856887298,1118,36,278763.00,756,67.62,7.10,3.20
28-June-2016,249.85,250.45,245.00,245.90,247.386330586524478914,4126,54,1020716.00,3331,80.73,5.45,-3.95
27-June-2016,242.65,251.90,242.65,243.75,247.114744693057946069,1743,49,430721.00,1486,85.26,9.25,1.10
24-June-2016,242.00,244.00,236.30,242.25,240.602951348858658058,4337,155,1043495.00,3000,69.17,7.70,0.25
23-June-2016,244.00,251.65,242.00,245.55,246.036418816388467374,659,53,162138.00,339,51.44,9.65,1.55
22-June-2016,247.10,249.75,242.10,247.80,246.324856961220597584,1573,53,387469.00,1152,73.24,7.65,0.70
21-June-2016,250.45,255.05,245.30,248.00,251.164368450082735797,3626,152,910722.00,2728,75.23,9.75,-2.45
20-June-2016,252.25,256.95,250.00,250.35,251.691065662002152852,1858,60,467642.00,825,44.40,6.95,-1.90
17-June-2016,257.00,257.20,250.10,250.60,254.224825523429710867,4012,80,1019950.00,3479,86.71,7.10,-6.40
16-June-2016,267.70,268.80,252.00,253.20,260.023160254015689204,10708,421,2784328.00,6196,57.86,16.80,-14.50
15-June-2016,254.00,274.00,253.00,262.30,265.165684951791766757,30389,792,8058120.00,15194,50.00,21.00,8.30
14-June-2016,253.00,258.45,247.50,250.35,249.804462474645030425,2465,35,615768.00,1583,64.22,10.95,-2.65
13-June-2016,245.50,254.00,242.00,248.70,248.454969796814936847,7284,340,1809746.00,5665,77.77,12.00,3.20
10-June-2016,246.00,248.95,240.00,245.30,245.689440993788819875,3542,129,870232.00,2026,57.20,8.95,-0.70
9-June-2016,251.20,251.20,246.50,248.30,249.473583704646721833,1571,59,391923.00,758,48.25,4.70,-2.90
8-June-2016,256.00,256.00,251.00,252.55,253.595527467185221195,2057,91,521646.00,1429,69.47,5.00,-3.45
7-June-2016,254.00,256.90,250.60,254.30,254.180360721442885771,1497,73,380508.00,1075,71.81,6.30,0.30
6-June-2016,254.00,258.95,247.00,250.10,252.265329295987887963,2642,99,666485.00,1736,65.71,11.95,-3.90
3-June-2016,262.00,265.00,248.15,249.85,257.185299749594932979,6789,256,1746031.00,4253,62.65,16.85,-12.15
2-June-2016,255.55,259.00,250.00,257.95,255.402523402523402523,2457,55,627524.00,1868,76.03,9.00,2.40
1-June-2016,260.00,261.50,257.10,257.20,259.959736456808199121,1366,61,355105.00,1000,73.21,4.40,-2.80
31-May-2016,255.00,262.00,250.00,258.50,257.467030242935052057,2017,65,519311.00,1761,87.31,12.00,3.50
30-May-2016,259.30,259.35,254.00,254.55,255.763265306122448979,245,14,62662.00,175,71.43,5.35,-4.75
27-May-2016,245.00,260.00,245.00,253.85,250.616367798550171690,5242,137,1313731.00,3782,72.15,15.00,8.85
26-May-2016,242.45,250.00,242.45,247.40,247.122196442382057231,1293,46,319529.00,925,71.54,7.55,4.95
25-May-2016,244.55,250.00,244.55,246.10,248.077625570776255707,876,47,217316.00,778,88.81,5.45,1.55
24-May-2016,250.55,250.55,240.05,241.30,242.255496137849079025,1683,52,407716.00,1430,84.97,10.50,-9.25
23-May-2016,250.40,254.90,243.60,244.00,249.169095221958658082,2951,128,735298.00,1829,61.98,11.30,-6.40
20-May-2016,247.10,258.50,244.00,246.10,247.699777613046701260,1349,51,334147.00,941,69.76,14.50,-1.00
19-May-2016,254.00,259.50,249.50,250.90,254.531219028741328047,1009,83,256822.00,628,62.24,10.00,-3.10
18-May-2016,249.60,258.00,247.00,257.50,250.467648065730914070,2921,87,731616.00,2399,82.13,11.00,7.90
17-May-2016,255.00,260.00,249.00,251.00,251.914197875908328675,7156,242,1802698.00,5090,71.13,11.00,-4.00
16-May-2016,256.00,259.00,253.00,258.50,255.784632853898561695,2642,100,675783.00,2156,81.60,6.00,2.50
13-May-2016,256.00,264.40,252.00,256.80,257.093615354484919702,2553,106,656360.00,1768,69.25,12.40,0.80
12-May-2016,259.00,262.00,256.00,260.40,259.722301136363636363,2816,118,731378.00,2490,88.42,6.00,1.40
11-May-2016,253.00,264.80,251.00,259.00,257.834588928922371437,6106,233,1574338.00,5016,82.15,13.80,6.00
10-May-2016,258.40,261.80,254.00,256.60,257.748741912293314162,2782,83,717057.00,1638,58.88,7.80,-1.80
9-May-2016,258.00,266.50,250.00,254.00,255.859373137885830056,8391,352,2146916.00,5522,65.81,16.50,-4.00
6-May-2016,242.00,270.00,242.00,253.70,254.467414330218068535,24075,812,6126303.00,6779,28.16,28.00,11.70
5-May-2016,267.80,267.80,267.80,267.80,267.800000000000000000,4285,31,1147523.00,4285,100.00,0.00,0.00
4-May-2016,281.80,281.80,281.80,281.80,281.799915576192486281,7107,28,2002752.00,7107,100.00,0.00,0.00
3-May-2016,311.50,311.50,296.60,296.60,297.529016200165931618,22901,124,6813712.00,12872,56.21,14.90,-14.90
2-May-2016,297.00,312.20,295.00,312.20,305.431462814509088022,12599,334,3848131.00,7369,58.49,17.20,15.20
29-April-2016,291.10,299.00,285.00,297.40,293.778133577310155535,2186,92,642199.00,1341,61.34,14.00,6.30
28-April-2016,299.00,299.70,290.00,292.60,298.205110255512775638,2857,73,851972.00,2293,80.26,9.70,-6.40
27-April-2016,293.00,302.00,293.00,297.10,299.455445544554455445,1010,52,302450.00,728,72.08,9.00,4.10
26-April-2016,298.10,302.80,292.00,299.30,298.162764134780125642,1751,74,522083.00,809,46.20,10.80,1.20
25-April-2016,300.00,303.90,295.60,298.20,299.005055611729019211,989,44,295716.00,824,83.32,8.30,-1.80
22-April-2016,300.00,302.00,293.00,296.10,297.278747203579418344,2235,126,664418.00,1667,74.59,9.00,-3.90
21-April-2016,311.00,315.40,295.00,296.10,305.896565990897807199,4834,219,1478704.00,3215,66.51,20.40,-14.90
20-April-2016,289.50,304.20,287.00,304.20,297.011027790030877812,2267,74,673324.00,1789,78.91,17.20,14.70
18-April-2016,292.50,292.50,285.60,289.80,289.131403118040089086,1796,83,519280.00,1247,69.43,6.90,-2.70
13-April-2016,294.60,294.70,289.80,290.60,291.916183447548761201,1897,94,553765.00,1021,53.82,4.90,-4.00
12-April-2016,290.00,295.00,287.80,290.60,289.933527696793002915,1715,91,497236.00,1145,66.76,7.20,0.60
11-April-2016,289.00,295.90,284.00,286.10,291.112437810945273631,4020,187,1170272.00,2480,61.69,11.90,-2.90
8-April-2016,303.00,303.00,282.50,285.10,291.024903360095153137,13452,583,3914867.00,7168,53.29,20.50,-17.90
7-April-2016,294.60,294.60,289.00,294.60,294.501773000907116743,36379,266,10713680.00,8733,24.01,5.60,0.00
6-April-2016,271.00,280.60,267.50,280.60,277.425844346549192364,2724,69,755708.00,1843,67.66,13.10,9.60
5-April-2016,274.00,274.90,264.20,267.30,267.989697501096010521,4562,233,1222569.00,1915,41.98,10.70,-6.70
4-April-2016,290.00,295.00,275.10,277.50,283.682209057901777183,5233,253,1484509.00,3677,70.27,19.90,-12.50
1-April-2016,314.90,315.50,285.50,289.20,302.609384008160007095,22549,845,6823539.00,9102,40.37,30.00,-25.70
31-March-2016,300.50,300.50,292.00,300.50,299.868856910127613358,14732,204,4417668.00,9312,63.21,8.50,0.00
30-March-2016,281.00,286.20,281.00,286.20,285.574289405684754521,7740,107,2210345.00,5772,74.57,5.20,5.20
29-March-2016,268.00,272.60,258.00,272.60,270.049993925403960636,16462,371,4445563.00,11578,70.33,14.60,4.60
28-March-2016,252.70,259.70,252.70,259.70,259.323700751188103633,13046,127,3383137.00,12162,93.22,7.00,7.00
23-March-2016,246.00,247.40,236.10,247.40,245.151027397260273972,26280,581,6442569.00,12536,47.70,11.30,1.40
22-March-2016,235.70,235.70,233.10,235.70,235.504869825810076793,10678,105,2514721.00,10386,97.27,2.60,0.00
21-March-2016,220.00,225.00,220.00,224.50,223.786583438685208596,12656,115,2832243.00,12168,96.14,5.00,4.50
18-March-2016,219.30,223.90,218.10,219.80,220.090204719931760022,14068,109,3096229.00,13503,95.98,5.80,0.50
17-March-2016,220.30,221.00,215.00,218.60,217.662060797473351756,2533,80,551338.00,2076,81.96,6.00,-1.70
16-March-2016,216.00,218.00,213.00,214.00,214.236745406824146981,1905,76,408121.00,1268,66.56,5.00,-2.00
15-March-2016,218.10,221.10,215.00,218.10,217.683956574185765983,829,64,180460.00,578,69.72,6.10,0.00
14-March-2016,220.00,229.00,216.40,220.30,221.807629427792915531,5505,218,1221051.00,4574,83.09,12.60,0.30
11-March-2016,221.00,224.90,217.80,221.80,221.737301491089829070,8249,242,1829111.00,4275,51.82,7.10,0.80
10-March-2016,222.80,226.40,219.00,225.50,224.106225014277555682,10506,314,2354460.00,5692,54.18,7.40,2.70
9-March-2016,217.30,221.00,213.00,215.70,216.724416944312232270,2101,126,455338.00,1131,53.83,8.00,-1.60
8-March-2016,227.00,231.90,212.00,215.30,223.249903138318481208,5162,250,1152416.00,3495,67.71,19.90,-11.70
4-March-2016,231.00,232.00,216.30,221.30,222.036066848037310532,12865,394,2856494.00,5949,46.24,15.70,-9.70
3-March-2016,216.00,228.60,215.10,227.60,222.066204896907216494,24832,782,5514348.00,11098,44.69,13.50,11.60
2-March-2016,204.00,207.90,192.00,207.90,203.137854406130268199,26100,880,5301898.00,14816,56.77,15.90,3.90
1-March-2016,174.20,189.00,172.00,189.00,186.198932799733199933,11994,311,2233270.00,8155,67.99,17.00,14.80
29-February-2016,172.80,175.00,162.00,171.90,169.215503023639362286,1819,88,307803.00,1185,65.15,13.00,-0.90
26-February-2016,170.00,171.00,161.00,165.60,166.443931121377572448,2381,93,396303.00,1591,66.82,10.00,-4.40
25-February-2016,169.00,174.80,160.00,167.30,166.946308724832214765,13112,495,2189000.00,5495,41.91,14.80,-1.70
24-February-2016,183.00,184.00,170.10,176.10,176.735680571501467023,7839,237,1385431.00,5603,71.48,13.90,-6.90
23-February-2016,194.00,198.80,185.00,186.40,190.174379315410606728,6807,346,1294517.00,4393,64.54,13.80,-7.60
22-February-2016,204.10,204.10,195.20,196.80,200.100000000000000000,1480,104,296148.00,809,54.66,8.90,-7.30
19-February-2016,195.80,207.00,195.80,202.10,202.295520934761441090,4108,239,831030.00,2395,58.30,11.20,6.30
18-February-2016,198.70,205.80,190.00,193.10,197.737275723178322958,5462,333,1080041.00,2292,41.96,15.80,-5.60
17-February-2016,196.20,203.80,179.50,194.00,190.700302212628170534,92650,820,17668383.00,68835,74.30,24.30,-2.20
16-February-2016,242.40,242.40,196.00,199.40,207.369824048112479174,24609,509,5103164.00,17001,69.08,46.40,-43.00
15-February-2016,229.80,249.00,227.10,242.20,236.443054277828886844,5435,230,1285068.00,2929,53.89,21.90,12.40
12-February-2016,250.10,250.10,221.60,233.20,228.435649369686309000,3411,80,779194.00,2777,81.41,28.50,-16.90
11-February-2016,267.10,267.20,228.00,243.90,252.921864594894561598,4505,249,1139413.00,2522,55.98,39.20,-23.20
10-February-2016,275.00,278.10,268.00,270.70,271.935431799838579499,1239,65,336928.00,917,74.01,10.10,-4.30
9-February-2016,275.30,286.40,272.90,282.30,279.787072243346007604,789,68,220752.00,305,38.66,13.50,7.00
8-February-2016,275.00,290.00,273.90,283.80,285.112994350282485875,1416,90,403720.00,1080,76.27,16.10,8.80
5-February-2016,271.00,281.80,270.40,279.60,277.091006423982869379,934,59,258803.00,718,76.87,11.40,8.60
4-February-2016,297.60,297.60,261.00,272.70,278.456335616438356164,1168,83,325237.00,1048,89.73,36.60,-24.90
3-February-2016,293.00,298.00,292.00,292.50,295.296044607074403206,11478,77,3389408.00,1117,9.73,6.00,-0.50
2-February-2016,303.10,303.10,294.90,297.60,298.676100628930817610,1272,94,379916.00,861,67.69,8.20,-5.50
1-February-2016,311.00,311.00,293.00,298.30,298.337190594059405940,16160,124,4821129.00,4966,30.73,18.00,-12.70
29-January-2016,311.00,311.00,295.60,299.70,300.808179723502304147,3472,111,1044406.00,2549,73.42,15.40,-11.30
28-January-2016,314.00,315.90,301.50,302.80,307.268443414445731942,2589,267,795518.00,1699,65.62,14.40,-11.20
27-January-2016,316.10,320.00,305.00,308.60,312.278145695364238410,453,30,141462.00,347,76.60,15.00,-7.50
25-January-2016,320.00,340.90,315.00,320.70,329.957399103139013452,1338,132,441483.00,786,58.74,25.90,0.70
22-January-2016,310.50,321.50,310.50,317.10,317.930000000000000000,1400,104,445102.00,954,68.14,11.00,6.60
21-January-2016,326.00,326.00,301.50,309.90,308.384678974924221548,3629,154,1119128.00,3056,84.21,24.50,-16.10
20-January-2016,313.10,318.50,302.50,305.00,308.864232209737827715,4272,133,1319468.00,3213,75.21,16.00,-8.10
19-January-2016,321.00,330.00,316.20,323.10,324.636028796249790724,5973,287,1939051.00,2607,43.65,13.80,2.10
18-January-2016,339.20,350.00,316.40,320.90,331.434205782680798904,13869,552,4596661.00,6819,49.17,33.60,-18.30
15-January-2016,362.70,380.00,344.20,348.90,360.244966442953020134,4172,148,1502942.00,2664,63.85,35.80,-13.80
14-January-2016,357.00,383.00,357.00,370.10,369.138297872340425531,1128,62,416388.00,783,69.41,26.00,13.10
13-January-2016,390.10,393.50,355.80,372.20,369.677430056397213314,9043,457,3342993.00,4572,50.56,37.70,-17.90
12-January-2016,396.00,400.00,386.00,387.80,391.942366646229307173,1631,103,639258.00,770,47.21,14.00,-8.20
11-January-2016,396.90,396.90,380.00,394.80,388.929237389433420989,4183,241,1626891.00,2682,64.12,16.90,-2.10
8-January-2016,394.10,402.10,390.90,394.90,396.123914759273875295,3801,171,1505667.00,2082,54.78,11.20,0.80
7-January-2016,390.00,396.00,383.20,386.00,387.574806949806949806,4144,265,1606110.00,2565,61.90,12.80,-4.00
6-January-2016,409.50,411.40,394.90,395.40,403.066002986560477849,10045,390,4048798.00,6215,61.87,16.50,-14.10
5-January-2016,400.70,430.00,397.00,406.60,409.192249193891829409,16437,646,6725893.00,7410,45.08,33.00,5.90
4-January-2016,418.00,420.50,399.80,402.40,408.163980850920369496,14831,489,6053480.00,10747,72.46,20.70,-15.60
1-January-2016,419.50,425.00,417.00,418.00,421.217879824132877381,6141,183,2586699.00,4725,76.94,8.00,-1.50
31-December-2015,424.50,425.20,418.00,419.40,421.555357778568885724,2809,217,1184149.00,1924,68.49,7.20,-5.10
30-December-2015,413.60,426.40,405.10,424.10,419.819188792963023293,6139,334,2577270.00,3340,54.41,21.30,10.50
29-December-2015,433.10,434.70,417.00,419.70,425.213647441104792851,4924,176,2093752.00,3556,72.22,17.70,-13.40
28-December-2015,428.30,434.80,425.10,429.10,430.710136986301369863,3650,201,1572092.00,2055,56.30,9.70,0.80
24-December-2015,427.00,448.00,425.00,428.40,437.853361985049681341,54447,1730,23839802.00,20809,38.22,23.00,1.40
23-December-2015,418.30,422.00,412.00,413.40,418.026362038664323374,3414,176,1427142.00,2268,66.43,10.00,-4.90
22-December-2015,421.50,427.00,412.50,418.50,419.516251582946390882,2369,86,993834.00,1504,63.49,14.50,-3.00
21-December-2015,417.00,422.90,414.00,417.30,417.245541838134430727,1458,94,608344.00,1202,82.44,8.90,0.30
18-December-2015,420.00,424.90,409.90,416.80,417.603169055108936269,8583,288,3584288.00,5843,68.08,15.00,-3.20
17-December-2015,442.00,449.00,418.00,419.80,426.571995502348038891,15119,571,6449342.00,8799,58.20,31.00,-22.20
16-December-2015,417.40,435.00,411.00,415.10,423.890772651473040578,3598,174,1525159.00,1316,36.58,24.00,-2.30
15-December-2015,408.00,419.90,400.00,412.00,406.129842130885318867,14379,102,5839741.00,13609,94.64,19.90,4.00
14-December-2015,400.00,413.80,391.00,403.10,402.368631368631368631,2002,101,805542.00,1104,55.14,22.80,3.10
11-December-2015,395.00,402.00,393.10,395.30,397.363442389758179231,2812,98,1117386.00,2194,78.02,8.90,0.30
10-December-2015,405.00,405.00,391.10,396.00,397.525432616675406397,1907,150,758081.00,876,45.94,13.90,-9.00
9-December-2015,417.50,418.00,392.50,399.00,401.194570135746606334,5083,256,2039272.00,,,25.50,-18.50
8-December-2015,411.00,443.70,409.20,414.20,426.406330577042766960,11247,680,4795792.00,4282,38.07,34.50,3.20
7-December-2015,425.00,425.00,401.00,415.10,410.572040498442367601,2568,108,1054349.00,1633,63.59,24.00,-9.90
4-December-2015,418.00,426.90,415.90,416.50,418.663119266055045871,2725,143,1140857.00,1768,64.88,11.00,-1.50
3-December-2015,418.00,430.00,418.00,425.20,425.190727478326422917,2653,157,1128031.00,1050,39.58,12.00,7.20
2-December-2015,436.50,437.00,418.50,427.60,428.810650887573964497,5915,173,2536415.00,4307,72.81,18.50,-8.90
1-December-2015,439.90,439.90,429.00,431.90,433.867337315309651053,3181,96,1380132.00,2154,67.71,10.90,-8.00
30-November-2015,442.00,442.00,425.20,431.60,434.696065128900949796,5159,197,2242597.00,2927,56.74,16.80,-10.40
27-November-2015,444.50,450.00,425.00,429.40,438.869004045463301868,5191,307,2278169.00,2858,55.06,25.00,-15.10
26-November-2015,458.50,466.00,442.00,445.40,454.822831050228310502,6570,241,2988186.00,2962,45.08,24.00,-13.10
24-November-2015,464.50,472.00,450.00,456.40,460.336383774557867596,27537,1382,12676283.00,10768,39.10,22.00,-8.10
23-November-2015,403.00,464.50,403.00,455.30,444.731540793050651501,64006,2488,28465487.00,21452,33.52,61.50,52.30
20-November-2015,403.30,407.50,397.00,401.80,401.764705882352941176,1037,35,416630.00,713,68.76,10.50,-1.50
19-November-2015,395.10,411.80,394.20,406.70,405.330028913672036348,2421,124,981304.00,1443,59.60,17.60,11.60
18-November-2015,409.00,419.00,392.00,398.90,410.252046332046332046,12950,504,5312764.00,6136,47.38,27.00,-10.10
17-November-2015,392.00,419.00,392.00,403.70,408.645074503311258278,19328,838,7898292.00,7996,41.37,27.00,11.70
16-November-2015,389.90,396.80,370.00,386.40,382.987992368982156884,8911,229,3412806.00,3889,43.64,26.80,-3.50
13-November-2015,372.00,380.00,348.00,364.40,365.027073633385066390,5799,131,2116792.00,3620,62.42,32.00,-7.60
11-November-2015,370.00,378.00,370.00,372.40,372.361832061068702290,655,19,243897.00,590,90.08,8.00,2.40
10-November-2015,372.00,391.00,357.00,363.90,379.781272595806218365,2766,57,1050475.00,2271,82.10,34.00,-8.10
9-November-2015,365.00,380.00,330.00,373.50,358.179515418502202643,908,29,325227.00,551,60.68,50.00,8.50
6-November-2015,385.00,385.00,365.00,375.00,376.201724964063248682,2087,63,785133.00,1404,67.27,20.00,-10.00
5-November-2015,390.00,394.00,379.00,384.60,388.269354838709677419,2480,53,962908.00,1813,73.10,15.00,-5.40
4-November-2015,382.00,405.00,382.00,390.60,393.076517967781908302,3228,222,1268851.00,1518,47.03,23.00,8.60
3-November-2015,372.00,395.00,366.00,383.80,384.648215586307356154,2746,135,1056244.00,1788,65.11,29.00,11.80
2-November-2015,375.00,376.00,367.00,368.40,370.305899851264253842,2017,54,746907.00,1816,90.03,9.00,-6.60
30-October-2015,380.10,381.10,372.00,372.00,377.322988505747126436,870,34,328271.00,700,80.46,9.10,-8.10
29-October-2015,377.00,388.00,377.00,377.90,381.262002042900919305,1958,47,746511.00,1825,93.21,11.00,0.90
28-October-2015,383.00,393.60,382.00,387.30,386.600974553329723876,1847,41,714052.00,1255,67.95,11.60,4.30
27-October-2015,390.70,393.00,382.00,384.40,384.562679425837320574,2090,34,803736.00,1953,93.44,11.00,-6.30
26-October-2015,415.00,415.00,395.00,395.50,398.943331576172904586,3794,131,1513591.00,3135,82.63,20.00,-19.50
23-October-2015,425.00,425.00,410.00,413.10,415.393079733505265420,4653,137,1932824.00,2280,49.00,15.00,-11.90
21-October-2015,410.00,414.80,402.00,410.70,410.006785934608266502,4863,183,1993863.00,2762,56.80,12.80,0.70
20-October-2015,403.00,412.00,400.00,402.00,405.659695143566111308,2821,85,1144366.00,1603,56.82,12.00,-1.00
19-October-2015,398.10,410.00,391.00,401.30,401.187859608745684695,3476,141,1394529.00,2308,66.40,19.00,3.20
16-October-2015,400.00,410.00,390.00,399.50,400.963803088803088803,4144,115,1661594.00,2927,70.63,20.00,-0.50
15-October-2015,375.00,398.90,370.00,394.60,377.036567962896896182,11212,122,4227334.00,9934,88.60,28.90,19.60
14-October-2015,372.00,372.00,367.00,368.80,368.434000000000000000,1000,31,368434.00,786,78.60,5.00,-3.20
13-October-2015,380.00,380.00,369.10,372.60,375.237527593818984547,2265,71,849913.00,1934,85.39,10.90,-7.40
12-October-2015,378.20,381.50,371.00,374.30,377.362416107382550335,1639,51,618497.00,1068,65.16,10.50,-3.90
9-October-2015,389.60,389.60,383.00,383.50,384.730666666666666666,1125,27,432822.00,1055,93.78,6.60,-6.10
8-October-2015,400.00,400.00,382.60,390.00,390.312839059674502712,553,37,215843.00,386,69.80,17.40,-10.00
7-October-2015,398.50,404.00,395.00,398.20,399.467709041468388851,1471,89,587617.00,879,59.76,9.00,-0.30
6-October-2015,408.30,408.50,391.20,397.10,392.421869446748015637,8441,95,3312433.00,7780,92.17,17.30,-11.20
5-October-2015,385.00,423.90,385.00,407.10,409.687068394664648566,10571,535,4330802.00,5320,50.33,38.90,22.10
1-October-2015,381.10,390.00,379.90,385.40,384.071304347826086956,2300,79,883364.00,1479,64.30,10.10,4.30
30-September-2015,376.20,386.00,376.20,384.80,382.849013110502809393,6941,260,2657355.00,4409,63.52,9.80,8.60
29-September-2015,369.00,390.00,368.10,377.80,379.648750946252838758,18494,80,7021224.00,15091,81.60,21.90,8.80
28-September-2015,368.00,378.00,366.00,374.40,371.431219873934000741,5394,115,2003500.00,4086,75.75,12.00,6.40
24-September-2015,353.00,364.50,350.00,361.60,355.009425981873111782,8275,166,2937703.00,4431,53.55,14.50,8.60
23-September-2015,368.00,368.00,347.90,351.10,353.172703011818528402,7869,202,2779116.00,4363,55.45,20.10,-16.90
22-September-2015,376.70,383.00,365.00,366.20,375.620926243567753001,2332,82,875948.00,1766,75.73,18.00,-10.50
21-September-2015,353.00,367.70,353.00,366.30,363.210734017363851617,1267,40,460188.00,1105,87.21,14.70,13.30
18-September-2015,373.00,378.70,347.00,350.20,363.502002670226969292,3745,188,1361315.00,1656,44.22,31.70,-22.80
16-September-2015,355.00,373.00,355.00,363.90,358.602587284086732818,68025,437,24393941.00,642,0.94,18.00,8.90
15-September-2015,365.10,366.10,348.80,358.40,360.182570977917981072,2536,93,913423.00,923,36.40,17.30,-6.70
14-September-2015,351.00,370.00,351.00,367.00,361.453650057937427578,1726,35,623869.00,1501,86.96,19.00,16.00
11-September-2015,370.00,370.00,358.00,359.10,363.458501570210856886,2229,53,810149.00,1490,66.85,12.00,-10.90
10-September-2015,360.00,369.00,360.00,365.30,364.212692967409948542,583,29,212336.00,321,55.06,9.00,5.30
9-September-2015,370.00,378.00,365.50,373.50,371.388697976326842306,5238,124,1945334.00,2467,47.10,12.50,3.50
8-September-2015,363.00,375.00,349.20,365.10,360.953689821755788772,6003,160,2166805.00,2562,42.68,25.80,2.10
7-September-2015,375.00,395.00,363.10,367.50,379.948727142344926496,2789,148,1059677.00,965,34.60,31.90,-7.50
4-September-2015,407.00,407.00,377.90,378.00,381.571981347355888481,10079,212,3845864.00,5594,55.50,29.10,-29.00
3-September-2015,377.60,397.70,377.60,397.70,395.532896788275647022,6414,242,2536948.00,1808,28.19,20.10,20.10
2-September-2015,380.00,394.00,368.00,378.80,382.307713884992987377,3565,74,1362927.00,1623,45.53,26.00,-1.20
1-September-2015,401.80,403.50,378.70,381.20,386.809364548494983277,3588,103,1387872.00,1843,51.37,24.80,-20.60
31-August-2015,399.00,401.90,393.30,398.60,396.498480243161094224,2632,55,1043584.00,1446,54.94,8.60,-0.40
28-August-2015,411.10,426.90,391.10,397.10,413.141961374467017807,19935,361,8235985.00,11798,59.18,35.80,-14.00
27-August-2015,390.20,407.90,376.30,407.90,405.385625392475880573,35034,282,14202280.00,26899,76.78,31.60,17.70
26-August-2015,359.00,395.00,357.40,388.50,390.372710410387201483,25878,561,10102065.00,14318,55.33,37.60,29.50
25-August-2015,376.50,384.00,376.20,376.20,376.486552567237163814,5317,52,2001779.00,4671,87.85,7.80,-0.30
24-August-2015,396.00,414.90,396.00,396.00,396.132450331125827814,1208,58,478528.00,1058,87.58,18.90,0.00
21-August-2015,414.00,433.10,413.90,416.80,416.030608481868469575,16270,270,6768818.00,7550,46.40,19.20,2.80
20-August-2015,450.70,462.00,435.60,435.60,445.321913929784824462,3532,133,1572877.00,2678,75.82,26.40,-15.10
19-August-2015,466.90,466.90,438.00,458.50,456.700675224456481412,13477,470,6154955.00,5555,41.22,28.90,-8.40
18-August-2015,427.20,446.50,427.20,446.50,445.231196803890915407,17271,395,7689588.00,8869,51.35,19.30,19.30
17-August-2015,441.40,443.80,416.10,425.30,423.192785256829172657,15302,354,6475696.00,6703,43.80,27.70,-16.10
14-August-2015,429.90,452.60,429.90,438.00,437.213730697354185108,71169,1474,31116064.00,21889,30.76,22.70,8.10
13-August-2015,452.50,470.60,452.50,452.50,453.163145225996255683,11217,76,5083131.00,9744,86.87,18.10,0.00
12-August-2015,476.30,476.30,476.30,476.30,476.300000000000000000,160,9,76208.00,135,84.38,0.00,0.00
11-August-2015,524.10,524.10,501.30,501.30,507.861842105263157894,7144,98,3628165.00,4841,67.76,22.80,-22.80
10-August-2015,525.10,533.00,518.00,527.60,527.413913781218516358,18859,294,9946499.00,11835,62.76,15.00,2.50
7-August-2015,530.00,534.00,516.00,525.10,524.235539343408025013,17271,314,9054072.00,12843,74.36,18.00,-4.90
6-August-2015,528.00,539.90,498.20,527.50,513.701426793067126304,41772,1005,21458336.00,18398,44.04,41.70,-0.50
5-August-2015,520.00,521.30,487.50,521.30,511.977814214964529514,29884,534,15299945.00,20270,67.83,33.80,1.30
4-August-2015,479.40,496.50,476.00,496.50,493.117499920843491751,31583,453,15574130.00,10182,32.24,20.50,17.10
3-August-2015,464.50,483.00,464.50,472.90,474.432027885995489030,9754,387,4627610.00,4572,46.87,18.50,8.40
31-July-2015,469.90,473.00,459.00,464.30,464.740700218818380743,1828,78,849546.00,1074,58.75,14.00,-5.60
30-July-2015,469.00,473.90,456.00,459.40,464.312990936555891238,4965,196,2305314.00,2756,55.51,17.90,-9.60
29-July-2015,459.40,473.10,453.30,458.60,463.948219380746063616,9463,344,4390342.00,3248,34.32,19.80,-0.80
28-July-2015,478.00,478.50,452.00,458.40,465.320156385751520417,9208,332,4284668.00,4528,49.17,26.50,-19.60
27-July-2015,487.00,494.40,459.50,468.00,480.886162454708067697,21803,681,10484761.00,14701,67.43,34.90,-19.00
24-July-2015,460.00,482.00,450.00,482.00,478.959027227068464181,26481,471,12683314.00,11392,43.02,32.00,22.00
23-July-2015,460.00,466.00,453.10,459.10,461.185035783994795055,7685,348,3544207.00,3907,50.84,12.90,-0.90
22-July-2015,459.00,459.00,443.00,451.50,451.354455445544554455,4040,192,1823472.00,1548,38.32,16.00,-7.50
21-July-2015,449.00,470.00,435.00,446.40,456.413524914315844977,22758,681,10387059.00,10891,47.86,35.00,-2.60
20-July-2015,470.00,470.00,438.70,448.50,450.240995415848068107,32067,962,14437878.00,15198,47.39,31.30,-21.50
17-July-2015,461.70,461.70,435.60,461.70,456.047115443943974825,81035,1391,36955778.00,33214,40.99,26.10,0.00
16-July-2015,439.80,439.80,428.00,439.80,439.035234435822094979,39819,504,17481944.00,23368,58.69,11.80,0.00
15-July-2015,412.00,418.90,409.90,418.90,417.766999880282533221,33412,234,13958431.00,29797,89.18,9.00,6.90
14-July-2015,383.50,399.00,382.00,399.00,397.120224063245640085,97651,824,38779187.00,74095,75.88,17.00,15.50
13-July-2015,389.40,389.40,374.00,380.00,380.346092307692307692,8125,372,3090312.00,3456,42.54,15.40,-9.40
10-July-2015,382.50,391.40,375.40,382.30,383.689869351038766331,9338,461,3582896.00,3933,42.12,16.00,-0.20
9-July-2015,395.00,404.80,379.10,381.80,389.908526682134570765,17240,637,6722023.00,9340,54.18,25.70,-13.20
8-July-2015,372.00,400.70,372.00,395.80,390.095336382907508646,35852,1344,13985698.00,16898,47.13,28.70,23.80
7-July-2015,409.00,410.00,383.80,386.40,395.363275497791151802,46857,1635,18525537.00,24955,53.26,26.20,-22.60
6-July-2015,396.70,404.00,374.00,404.00,396.543686078579290387,80861,1667,32064919.00,31648,39.14,30.00,7.30
3-July-2015,378.00,384.80,369.30,384.80,378.854391755514924132,42113,1158,15954695.00,17055,40.50,15.50,6.80
2-July-2015,350.40,367.90,341.00,366.50,360.582295672561437618,69949,1686,25222371.00,27945,39.95,26.90,16.10
1-July-2015,383.10,383.10,346.70,350.40,366.047668208006725847,161764,3431,59213335.00,55214,34.13,36.40,-32.70
30-June-2015,359.50,364.90,359.00,364.90,362.234734958622232162,8942,137,3239103.00,6297,70.42,5.90,5.40
29-June-2015,301.00,347.60,301.00,347.60,335.121531497287397629,86817,2273,29094246.00,28736,33.10,46.60,46.60
26-June-2015,288.90,316.00,287.00,316.00,311.033603622674852046,108649,2612,33793490.00,42696,39.30,29.00,27.10
25-June-2015,295.00,299.00,272.00,287.30,287.249781531118046631,136175,4546,39116239.00,43834,32.19,27.00,-7.70
24-June-2015,294.80,299.30,275.10,292.60,294.454975819954274641,117659,1164,34645278.00,68123,57.90,24.20,-2.20
23-June-2015,222.70,272.10,215.10,272.10,250.067895205997563756,281581,3546,70414368.00,194663,69.13,57.00,49.40
22-June-2015,231.00,236.50,221.00,226.80,231.251245139937662671,93363,1617,21590310.00,53152,56.93,15.50,-4.20
19-June-2015,207.00,237.90,203.50,229.90,228.120017340908572341,175308,2561,39991264.00,97790,55.78,34.40,22.90
18-June-2015,181.20,209.00,181.20,203.30,197.225477495432652383,30105,629,5937473.00,15544,51.63,27.80,22.10
17-June-2015,184.00,184.20,179.90,181.20,181.256413578647317958,7718,117,1398937.00,2286,29.62,4.30,-2.80
16-June-2015,183.20,186.00,179.50,181.70,183.330087368037859483,10988,173,2014431.00,5265,47.92,6.50,-1.50
15-June-2015,171.00,185.00,170.80,183.10,180.060368302026122675,21667,310,3901368.00,14592,67.35,14.20,12.10
12-June-2015,166.00,170.00,164.50,170.00,167.010044642857142857,6272,103,1047487.00,1226,19.55,5.50,4.00
11-June-2015,169.00,173.90,164.90,165.10,168.299487929773226042,6835,124,1150327.00,1443,21.11,9.00,-3.90
10-June-2015,169.50,170.90,168.00,170.90,169.630568204315977034,5051,86,856804.00,50,0.99,2.90,1.40
9-June-2015,163.50,172.00,163.50,170.00,167.711597673622990078,5846,141,980442.00,609,10.42,8.50,6.50
8-June-2015,165.00,167.10,160.10,164.00,164.346435709526982011,6004,152,986736.00,650,10.83,7.00,-1.00
5-June-2015,166.00,166.50,162.00,162.40,165.227733333333333333,5625,94,929406.00,485,8.62,4.50,-3.60
4-June-2015,165.00,167.10,162.00,162.00,165.929866532359607151,7942,73,1317815.00,5232,65.88,5.10,-3.00
3-June-2015,166.00,169.00,152.10,158.00,162.123617436564736499,1537,49,249184.00,1260,81.98,16.90,-8.00
2-June-2015,163.50,171.70,163.50,170.00,168.736583958453548759,3466,28,584841.00,2866,82.69,8.20,6.50
1-June-2015,167.00,172.00,165.00,168.00,167.890052356020942408,764,22,128268.00,437,57.20,7.00,1.00
29-May-2015,172.00,172.00,169.00,169.60,169.823076923076923076,1300,10,220770.00,1300,100.00,3.00,-2.40
28-May-2015,167.10,171.00,167.10,171.00,170.113744075829383886,211,10,35894.00,153,72.51,3.90,3.90
27-May-2015,176.00,176.00,171.80,174.00,173.585767557489123679,6436,36,1117198.00,6336,98.45,4.20,-2.00
26-May-2015,178.50,179.00,176.00,178.50,178.059164733178654292,862,16,153487.00,582,67.52,3.00,0.00
25-May-2015,176.00,181.10,176.00,178.00,179.245348035837353549,1451,34,260085.00,1172,80.77,5.10,2.00
22-May-2015,183.00,183.00,178.20,178.80,179.927781392322706571,3074,31,553098.00,2785,90.60,4.80,-4.20
21-May-2015,201.00,208.00,179.00,180.50,186.592413417486303783,31213,415,5824109.00,16957,54.33,29.00,-20.50
20-May-2015,183.00,185.00,178.00,178.00,182.517135234968192078,4873,45,889406.00,4568,93.74,7.00,-5.00
19-May-2015,176.90,182.00,176.70,178.70,180.142728789629059170,7791,46,1403492.00,3206,41.15,5.30,1.80
18-May-2015,174.20,180.80,174.10,180.20,178.882830626450116009,7758,85,1387773.00,7300,94.10,6.70,6.00
15-May-2015,170.00,174.50,169.50,173.90,171.747023809523809523,3360,97,577070.00,2785,82.89,5.00,3.90
14-May-2015,168.00,172.70,167.30,168.50,168.660683760683760683,1170,27,197333.00,1069,91.37,5.40,0.50
13-May-2015,169.00,175.00,165.00,167.80,167.770316027088036117,5316,49,891867.00,3694,69.49,10.00,-1.20
12-May-2015,174.00,176.00,170.00,170.00,173.897712922688368177,7127,53,1239369.00,3814,53.51,6.00,-4.00
11-May-2015,174.90,176.00,165.00,171.40,173.388536155202821869,5670,103,983113.00,4602,81.16,11.00,-3.50
8-May-2015,173.00,177.00,173.00,174.00,174.975907702748557855,2947,62,515654.00,2745,93.15,4.00,1.00
7-May-2015,170.00,175.90,170.00,175.40,174.796141814389989572,1918,65,335259.00,1428,74.45,5.90,5.40
6-May-2015,175.50,177.00,173.00,173.70,174.247578644040662771,12493,146,2176875.00,11493,92.00,4.00,-1.80
5-May-2015,171.90,178.00,171.90,177.00,176.678142725234137976,7581,179,1339397.00,6481,85.49,6.10,5.10
4-May-2015,174.20,175.70,171.50,175.60,174.633894736842105263,4750,74,829511.00,2175,45.79,4.20,1.40
30-April-2015,172.00,175.00,170.00,175.00,171.667298321602598808,3694,102,634139.00,3218,87.11,5.00,3.00
29-April-2015,173.90,173.90,171.00,172.20,173.008111444189737259,5671,118,981129.00,5011,88.36,2.90,-1.70
28-April-2015,164.60,173.90,164.00,173.30,171.174014336917562724,5580,79,955151.00,1329,23.82,9.90,8.70
27-April-2015,174.80,174.80,165.50,168.40,168.159957058507783145,3726,100,626564.00,3244,87.06,9.30,-6.40
24-April-2015,178.90,179.00,172.70,172.70,173.614285714285714285,2100,40,364590.00,1850,88.10,6.30,-6.20
23-April-2015,175.40,177.00,173.50,175.30,175.061321776814734561,4615,98,807908.00,4034,87.41,3.50,-0.10
22-April-2015,170.00,173.40,170.00,170.20,170.118822292323869610,951,33,161783.00,851,89.48,3.40,0.20
21-April-2015,176.00,177.50,169.10,171.00,171.198892295519730986,10111,209,1730992.00,7000,69.23,8.40,-5.00
20-April-2015,175.00,179.90,174.10,177.40,176.744729605866177818,8728,160,1542628.00,4671,53.52,5.80,2.40
17-April-2015,165.50,177.50,165.50,177.20,173.278639618138424821,11732,79,2032905.00,6391,54.47,12.00,11.70
16-April-2015,175.00,176.00,168.00,169.10,172.242367779848072237,13954,159,2403470.00,6623,47.46,8.00,-5.90
15-April-2015,175.90,178.90,169.00,175.10,174.149694627944659105,24069,220,4191609.00,12040,50.02,9.90,-0.80
13-April-2015,174.90,179.00,170.00,170.80,174.038955156273592027,6623,105,1152660.00,5367,81.04,9.00,-4.10
10-April-2015,176.00,177.00,170.00,170.20,170.798220826792255363,9555,102,1631977.00,8075,84.51,7.00,-5.80
9-April-2015,173.50,177.00,167.00,174.30,171.782897217404418972,13261,174,2278013.00,10050,75.79,10.00,0.80
8-April-2015,171.00,181.00,170.00,175.30,175.742884708152436082,4146,105,728630.00,2409,58.10,11.00,4.30
7-April-2015,167.00,175.10,165.30,173.30,169.139138240574506283,8912,73,1507368.00,5811,65.20,9.80,6.30
6-April-2015,165.80,169.60,165.00,166.60,166.462205539735956510,7726,92,1286087.00,5075,65.69,4.60,0.80
1-April-2015,174.00,174.00,165.70,169.80,168.237145855194123819,1906,36,320660.00,1635,85.78,8.30,-4.20
31-March-2015,170.00,170.00,170.00,170.00,170.000000000000000000,25,2,4250.00,25,100.00,0.00,0.00
30-March-2015,172.00,172.00,164.20,164.50,168.250000000000000000,200,10,33650.00,140,70.00,7.80,-7.50
27-March-2015,165.00,171.00,164.50,165.30,169.558749069247952345,6715,29,1138587.00,6715,100.00,6.50,0.30
26-March-2015,165.30,167.90,156.00,161.50,163.270569620253164556,1264,46,206374.00,1061,83.94,11.90,-3.80
25-March-2015,174.70,174.90,169.00,169.10,169.967116852613035819,1703,34,289454.00,1653,97.06,5.90,-5.60
24-March-2015,169.10,174.60,169.10,172.50,172.211714460036607687,1639,26,282255.00,1539,93.90,5.50,3.40
23-March-2015,170.00,174.90,168.10,171.50,172.295923379174852652,4072,85,701589.00,3506,86.10,6.80,1.50
20-March-2015,177.00,177.00,171.00,173.10,174.244910549043800123,1621,29,282451.00,1620,99.94,6.00,-3.90
19-March-2015,174.00,184.90,168.60,177.30,177.609520746220649726,9327,141,1656564.00,6739,72.25,16.30,3.30
18-March-2015,171.00,173.00,171.00,173.00,172.333333333333333333,300,7,51700.00,300,100.00,2.00,2.00
17-March-2015,169.00,174.50,166.10,174.50,171.746811152500282198,8859,65,1521505.00,6259,70.65,8.40,5.50
16-March-2015,170.20,170.20,169.90,170.20,170.190066857688634192,1047,15,178189.00,1046,99.90,0.30,0.00
13-March-2015,173.90,173.90,170.10,170.10,172.053497942386831275,243,10,41809.00,243,100.00,3.80,-3.80
12-March-2015,171.10,176.00,170.30,172.90,172.432835820895522388,2278,56,392802.00,1875,82.31,5.70,1.80
11-March-2015,171.10,173.00,171.00,172.70,171.878957169459962756,2685,39,461495.00,2235,83.24,2.00,1.60
10-March-2015,171.00,176.20,170.00,174.10,172.986275733000623830,1603,64,277297.00,691,43.11,6.20,3.10
9-March-2015,179.80,179.80,176.10,176.10,177.264339152119700748,401,13,71083.00,390,97.26,3.70,-3.70
5-March-2015,178.00,181.90,174.00,177.70,177.607866157910184913,3407,64,605110.00,2875,84.39,7.90,-0.30
4-March-2015,175.00,190.00,175.00,176.60,180.738147675901240292,8627,172,1559228.00,4809,55.74,15.00,1.60
3-March-2015,177.00,177.00,166.60,170.00,169.374750499001996007,2004,78,339427.00,1528,76.25,10.40,-7.00
2-March-2015,175.00,179.80,164.60,175.20,175.936852717441114471,10911,53,1919647.00,10816,99.13,15.20,0.20
28-February-2015,169.20,178.00,169.20,175.90,174.427184466019417475,1545,43,269490.00,1540,99.68,8.80,6.70
27-February-2015,173.10,176.50,173.10,174.00,174.191569892473118279,11625,20,2024977.00,11595,99.74,3.40,0.90
26-February-2015,174.00,176.00,174.00,174.00,174.850000000000000000,200,14,34970.00,120,60.00,2.00,0.00
25-February-2015,176.00,179.90,176.00,179.00,176.926190476190476190,420,16,74309.00,410,97.62,3.90,3.00
24-February-2015,179.00,180.00,177.00,177.00,177.523680649526387009,2956,43,524760.00,2906,98.31,3.00,-2.00
23-February-2015,181.40,181.40,180.00,180.00,180.465444287729196050,2127,40,383850.00,2027,95.30,1.40,-1.40
20-February-2015,188.00,188.00,182.70,184.00,184.305354558610709117,1382,46,254710.00,1122,81.19,5.30,-4.00
19-February-2015,184.50,187.00,184.00,184.00,184.592764378478664192,2156,32,397982.00,2090,96.94,3.00,-0.50
18-February-2015,190.00,190.00,182.50,185.00,185.451883849292056635,4167,30,772778.00,4064,97.53,7.50,-5.00
16-February-2015,191.00,191.00,187.00,187.30,188.276190476190476190,945,26,177921.00,895,94.71,4.00,-3.70
13-February-2015,188.00,189.70,187.10,188.00,188.718349068022270636,8262,102,1559191.00,3255,39.40,2.60,0.00
12-February-2015,189.00,190.80,187.00,190.00,188.835496497733827770,19416,116,3666430.00,8704,44.83,3.80,1.00
11-February-2015,187.30,193.90,187.30,190.00,188.360232800555941626,11512,109,2168403.00,6100,52.99,6.60,2.70
10-February-2015,195.00,200.00,187.00,190.90,191.303509094249494763,5443,174,1041265.00,4239,77.88,13.00,-4.10
9-February-2015,188.50,188.80,183.10,183.90,187.020037508636857171,10131,165,1894700.00,4904,48.41,5.70,-4.60
6-February-2015,189.50,190.90,187.00,188.20,188.997667020148462354,9430,142,1782248.00,4045,42.90,3.90,-1.30
5-February-2015,192.50,194.80,185.10,189.50,191.525550366911274182,7495,117,1435484.00,2209,29.47,9.70,-3.00
4-February-2015,195.60,198.00,191.00,193.30,193.880449499052261034,7386,128,1432001.00,6172,83.56,7.00,-2.30
3-February-2015,185.50,198.70,184.00,190.30,188.374086161879895561,15320,243,2885891.00,7461,48.70,14.70,4.80
2-February-2015,188.00,188.00,180.30,183.50,184.465133313800175798,6826,86,1259159.00,1773,25.97,7.70,-4.50
30-January-2015,180.20,189.00,180.20,183.00,185.981619862600940098,16594,95,3086179.00,11596,69.88,8.80,2.80
29-January-2015,182.00,186.00,182.00,184.30,183.937340876944837340,7070,98,1300437.00,1505,21.29,4.00,2.30
28-January-2015,183.60,185.00,182.00,183.10,183.323879150885228573,11353,104,2081276.00,3641,32.07,3.00,-0.50
27-January-2015,184.50,187.00,183.50,185.80,185.349867932130545731,22337,189,4140160.00,12095,54.15,3.50,1.30
23-January-2015,185.10,189.90,182.00,185.40,184.965232259903106298,3509,64,649043.00,3221,91.79,7.90,0.30
22-January-2015,190.00,190.00,185.60,186.40,186.582294264339152119,802,30,149639.00,702,87.53,4.40,-3.60
21-January-2015,182.20,192.00,182.20,187.00,189.925063588338876932,5111,74,970707.00,4206,82.29,9.80,4.80
20-January-2015,182.70,193.00,182.50,189.80,187.725382003395585738,4712,113,884562.00,4422,93.85,10.50,7.10
19-January-2015,186.90,187.00,183.00,186.70,183.327168105219893136,4866,48,892070.00,4816,98.97,4.00,-0.20
16-January-2015,183.00,187.00,183.00,183.90,183.567834681042228212,1113,38,204311.00,862,77.45,4.00,0.90
15-January-2015,185.00,191.00,182.15,185.50,187.562062615101289134,8145,160,1527693.00,5988,73.52,8.85,0.50
14-January-2015,184.00,185.25,182.00,183.80,183.250089381480157311,5594,94,1025101.00,4868,87.02,3.25,-0.20
13-January-2015,183.50,187.00,182.10,184.20,183.908299018055115616,6314,83,1161197.00,4762,75.42,4.90,0.70
12-January-2015,180.55,184.90,180.55,181.45,181.705819654657855467,4691,92,852382.00,4131,88.06,4.35,0.90
9-January-2015,180.25,185.00,178.75,182.25,183.936080870917573872,6430,68,1182709.00,6188,96.24,6.25,2.00
8-January-2015,181.90,182.95,178.00,181.10,179.792249348186774117,8438,80,1517087.00,8335,98.78,4.95,-0.80
7-January-2015,172.05,175.00,172.00,175.00,173.665426125790844808,2687,41,466639.00,2237,83.25,3.00,2.95
6-January-2015,180.00,180.00,170.00,174.65,174.321349668608154247,9958,146,1735892.00,6948,69.77,10.00,-5.35
5-January-2015,189.00,191.00,178.00,178.85,182.294651235533312480,12788,240,2331184.00,7014,54.85,13.00,-10.15
2-January-2015,179.00,208.50,179.00,186.15,187.268158304243596753,23777,382,4452675.00,15337,64.50,29.50,7.15
1-January-2015,176.00,179.00,174.00,174.65,176.591412368349986497,3703,78,653918.00,3103,83.80,5.00,-1.35
