Date,Open Price,High Price,Low Price,Close Price,WAP,No.of Shares,No. of Trades,Total Turnover (Rs.),Deliverable Quantity,% Deli. Qty to Traded Qty,Spread High-Low,Spread Close-Open
28-June-2024,2150.00,2179.20,1971.70,1971.70,2055.281336960260138198,95949,6453,197202189.00,95949,100.00,207.50,-178.30
27-June-2024,2054.70,2075.45,2046.00,2075.45,2070.944032054658940344,62643,3544,129730147.00,62643,100.00,29.45,20.75
26-June-2024,1975.00,1976.65,1920.00,1976.65,1965.618651805074751778,52574,3329,103340435.00,52574,100.00,56.65,1.65
25-June-2024,1820.00,1882.55,1810.00,1882.55,1872.981231468046180051,31702,2251,59377251.00,31702,100.00,72.55,62.55
24-June-2024,1738.65,1809.00,1700.00,1792.95,1771.989975811703414271,42996,2564,76188481.00,42996,100.00,109.00,54.30
21-June-2024,1695.00,1746.30,1695.00,1738.65,1735.641655593565350145,35371,2266,61391381.00,35371,100.00,51.30,43.65
20-June-2024,1642.00,1669.90,1625.50,1663.15,1654.877581120943952802,19662,1548,32538203.00,19662,100.00,44.40,21.15
19-June-2024,1612.00,1649.90,1550.15,1608.00,1603.821011970780586682,26147,1814,41935108.00,26147,100.00,99.75,-4.00
18-June-2024,1550.00,1590.00,1525.00,1582.25,1566.648298418481410946,24154,1794,37840823.00,24154,100.00,65.00,32.25
14-June-2024,1454.90,1525.00,1400.00,1522.60,1469.274044757442598143,34363,2122,50488664.00,34363,100.00,125.00,67.70
13-June-2024,1505.00,1539.00,1428.15,1454.90,1466.845189137749379736,29423,2457,43158986.00,29423,100.00,110.85,-50.10
12-June-2024,1523.70,1549.95,1477.00,1503.30,1529.556949060833268918,51748,2792,79151513.00,51748,100.00,72.95,-20.40
11-June-2024,1476.15,1476.15,1430.05,1476.15,1473.025736875186079592,30229,1326,44528095.00,30229,100.00,46.10,0.00
10-June-2024,1342.40,1409.65,1321.00,1405.90,1389.842211822496597962,30129,1497,41874556.00,30129,100.00,88.65,63.50
7-June-2024,1359.70,1360.00,1300.00,1342.55,1341.316240789416986254,23207,1255,31127926.00,23207,100.00,60.00,-17.15
6-June-2024,1298.00,1313.95,1276.00,1313.95,1309.643404822758084231,17998,821,23570962.00,17998,100.00,37.95,15.95
5-June-2024,1135.10,1252.50,1133.30,1251.40,1171.092448048656867714,29595,1680,34658481.00,29595,100.00,119.20,116.30
4-June-2024,1255.65,1290.00,1192.90,1192.90,1217.549233400525319161,32742,2063,39864997.00,32742,100.00,97.10,-62.75
3-June-2024,1276.00,1350.00,1230.05,1255.65,1273.693513590234901710,140910,2551,179476153.00,140910,100.00,119.95,-20.35
31-May-2024,1378.00,1390.00,1294.75,1294.75,1322.362710968139955052,22693,1576,30008377.00,22693,100.00,95.25,-83.25
30-May-2024,1349.00,1363.95,1349.00,1362.85,1362.611167349192472277,43466,1868,59227257.00,43466,100.00,14.95,13.85
29-May-2024,1251.90,1299.00,1195.15,1299.00,1267.631515468269443383,49747,1839,63060865.00,49747,100.00,103.85,47.10
28-May-2024,1237.15,1237.15,1237.15,1237.15,1237.149992077325305022,31555,602,39038268.00,31555,100.00,0.00,0.00
27-May-2024,1153.40,1183.75,1071.05,1178.25,1138.826239497737974332,32493,1375,37003881.00,32493,100.00,112.70,24.85
24-May-2024,1072.90,1129.40,1041.20,1127.40,1094.701888888888888888,18000,897,19704634.00,18000,100.00,88.20,54.50
23-May-2024,1032.75,1084.35,1032.75,1075.65,1076.750031492756665966,23815,895,25642802.00,23815,100.00,51.60,42.90
22-May-2024,995.45,1040.00,995.45,1032.75,1024.108152888076329772,17503,637,17924965.00,17503,100.00,44.55,37.30
21-May-2024,1000.00,1000.00,980.00,995.45,989.055555555555555555,8208,609,8118168.00,8208,100.00,20.00,-4.55
18-May-2024,995.55,1000.00,980.00,993.45,996.318343722172751558,2246,219,2237731.00,2246,100.00,20.00,-2.10
17-May-2024,1024.00,1024.00,980.00,998.55,992.966029270377096464,9361,739,9295155.00,9361,100.00,44.00,-25.45
16-May-2024,1015.00,1029.00,985.10,1011.40,1007.688723941882501579,6332,506,6380685.00,6332,100.00,43.90,-3.60
15-May-2024,1023.80,1046.00,995.10,1016.15,1025.769884541372674791,12472,689,12793402.00,12472,100.00,50.90,-7.65
14-May-2024,1014.10,1020.00,991.20,1016.35,1012.616438356164383561,8906,529,9018362.00,8906,100.00,28.80,2.25
13-May-2024,1024.60,1026.80,960.00,1012.10,995.219535872781065088,21632,882,21528589.00,21632,100.00,66.80,-12.50
10-May-2024,922.00,1013.60,922.00,1008.50,991.381805090317127383,31943,820,31667709.00,31943,100.00,91.60,86.50
9-May-2024,900.00,980.00,900.00,965.35,951.376754398154581584,35981,927,34231487.00,35981,100.00,80.00,65.35
8-May-2024,1014.00,1014.00,941.05,941.05,955.971931238248724147,14892,955,14236334.00,14892,100.00,72.95,-72.95
7-May-2024,988.00,990.60,960.00,990.55,989.004852251662850288,55026,985,54420981.00,55026,100.00,30.60,2.55
6-May-2024,915.00,943.45,870.30,943.45,931.185583454800473034,36361,665,33858839.00,36361,100.00,73.15,28.45
3-May-2024,895.00,905.00,871.20,898.55,894.933165068147400302,9905,424,8864313.00,9905,100.00,33.80,3.55
2-May-2024,893.65,895.00,849.00,887.80,875.991233514352211016,12890,770,11291527.00,12890,100.00,46.00,-5.85
30-April-2024,895.00,908.00,885.00,893.65,895.218134818055279379,5029,409,4502052.00,5029,100.00,23.00,-1.35
29-April-2024,885.00,924.35,885.00,890.45,897.419230136535614410,12158,593,10910823.00,12158,100.00,39.35,5.45
26-April-2024,920.00,938.80,881.10,898.35,906.633709693825653544,9831,619,8913116.00,9831,100.00,57.70,-21.65
25-April-2024,919.85,943.00,892.00,912.55,909.927229195385619966,13783,901,12541527.00,13783,100.00,51.00,-7.30
24-April-2024,905.00,909.90,880.00,900.35,896.729988373132993471,11181,621,10026338.00,11181,100.00,29.90,-4.65
23-April-2024,900.00,912.95,870.00,875.10,891.913701676359904208,23384,1188,20856510.00,23384,100.00,42.95,-24.90
22-April-2024,838.00,875.15,838.00,873.25,865.325499079711170890,21189,861,18335382.00,21189,100.00,37.15,35.25
19-April-2024,801.00,838.00,786.55,833.50,823.965191618417424869,14508,534,11954087.00,14508,100.00,51.45,32.50
18-April-2024,831.00,835.00,811.20,816.75,826.183524155263892767,17905,1270,14792816.00,17905,100.00,23.80,-14.25
16-April-2024,787.00,814.40,780.00,807.30,806.175353843546063225,11799,596,9512063.00,11799,100.00,34.40,20.30
15-April-2024,767.10,824.90,766.60,786.70,790.256708462051002483,16509,855,13046348.00,16509,100.00,58.30,19.60
12-April-2024,800.00,824.90,775.05,806.90,802.234556630758931288,16431,469,13181516.00,16431,100.00,49.85,6.90
10-April-2024,805.00,823.80,785.00,804.75,807.452930056710775047,7935,448,6407139.00,7935,100.00,38.80,-0.25
9-April-2024,840.00,846.00,800.00,803.30,823.322168914637458133,11047,1732,9095240.00,11047,100.00,46.00,-36.70
8-April-2024,806.15,837.90,800.00,821.40,830.253608586585516305,24317,867,20189277.00,24317,100.00,37.90,15.25
5-April-2024,765.00,806.15,730.70,806.15,790.934444125251364550,34810,863,27532428.00,34810,100.00,75.45,41.15
4-April-2024,759.80,772.00,748.00,767.80,757.580417208434620385,17689,447,13400840.00,17689,100.00,24.00,8.00
3-April-2024,759.85,759.85,730.00,747.75,747.848415284360189573,13504,395,10098945.00,13504,100.00,29.85,-12.10
2-April-2024,760.00,760.00,737.00,749.65,746.838220757825370675,15175,415,11333270.00,15175,100.00,23.00,-10.35
1-April-2024,715.00,734.20,698.00,734.20,729.818811369509043927,19350,456,14121994.00,19350,100.00,36.20,19.20
28-March-2024,685.00,715.00,685.00,699.25,698.906957928802588996,9888,326,6910792.00,9888,100.00,30.00,14.25
27-March-2024,695.00,697.95,681.00,694.80,692.177178768834708866,13207,355,9141584.00,13207,100.00,16.95,-0.20
26-March-2024,681.85,688.55,666.00,680.20,672.585249801744647105,8827,278,5936910.00,8827,100.00,22.55,-1.65
22-March-2024,680.00,680.00,660.00,668.45,669.836221672062464292,5251,261,3517310.00,5251,100.00,20.00,-11.55
21-March-2024,670.25,670.25,650.00,667.95,666.200121285627653123,3298,245,2197128.00,3298,100.00,20.25,-2.30
20-March-2024,688.55,688.55,648.00,651.25,656.823645320197044334,8120,442,5333408.00,8120,100.00,40.55,-37.30
19-March-2024,670.00,671.20,640.55,669.15,662.410386965376782077,10802,493,7155357.00,10802,100.00,30.65,-0.85
18-March-2024,689.85,697.00,659.00,669.70,671.367804995776517436,8287,334,5563625.00,8287,100.00,38.00,-20.15
15-March-2024,655.55,666.25,647.25,666.25,664.765254664649520927,11898,567,7909377.00,11898,100.00,19.00,10.70
14-March-2024,580.00,634.55,580.00,634.55,627.152941176470588235,17000,584,10661600.00,17000,100.00,54.55,54.55
13-March-2024,631.95,648.95,600.40,604.35,603.525967109747784594,46944,1416,28331923.00,46944,100.00,48.55,-27.60
12-March-2024,664.55,686.00,631.35,631.95,636.018749749066527482,24907,1232,15841319.00,24907,100.00,54.65,-32.60
11-March-2024,688.00,706.00,655.55,664.55,674.063069961712495649,14365,682,9682916.00,14365,100.00,50.45,-23.45
7-March-2024,680.00,709.40,675.00,687.35,685.049868289581251703,11009,460,7541714.00,11009,100.00,34.40,7.35
6-March-2024,722.70,724.95,673.10,696.35,685.716236835249897659,26871,1060,18425881.00,26871,100.00,51.85,-26.35
5-March-2024,733.50,734.00,701.20,708.50,716.464355890906232806,12723,734,9115576.00,12723,100.00,32.80,-25.00
4-March-2024,744.85,755.00,729.00,733.60,739.381432635117662270,7734,448,5718376.00,7734,100.00,26.00,-11.25
2-March-2024,750.90,760.00,726.10,744.85,740.981063364894391842,4119,320,3052101.00,4119,100.00,33.90,-6.05
1-March-2024,759.90,759.90,720.15,745.80,745.333513221802482460,12971,672,9667721.00,12971,100.00,39.75,-14.10
29-February-2024,753.90,770.00,717.15,736.60,732.991943339556782206,49276,1473,36118911.00,49276,100.00,52.85,-17.30
28-February-2024,755.45,755.45,740.00,754.85,754.850940006890102859,81276,1569,61351265.00,81276,100.00,15.45,-0.60
27-February-2024,685.00,719.50,685.00,719.50,716.621412680756395995,71920,948,51539412.00,71920,100.00,34.50,34.50
26-February-2024,687.00,699.00,682.00,685.25,692.386839637386683338,12796,394,8859782.00,12796,100.00,17.00,-1.75
23-February-2024,704.95,704.95,677.05,684.95,691.593907430730478589,12704,362,8786009.00,12704,100.00,27.90,-20.00
22-February-2024,698.90,702.95,678.00,688.75,691.052158068557111946,8781,345,6068129.00,8781,100.00,24.95,-10.15
21-February-2024,684.40,700.00,662.55,689.05,692.349586016559337626,18479,550,12793928.00,18479,100.00,37.45,4.65
20-February-2024,677.75,690.00,647.45,682.70,681.006328549781620465,11219,311,7640210.00,11219,100.00,42.55,4.95
19-February-2024,689.00,699.90,660.00,677.75,690.421601314862643813,21295,522,14702528.00,21295,100.00,39.90,-11.25
16-February-2024,679.95,682.50,652.55,672.05,670.552700288580458980,7277,462,4879612.00,7277,100.00,29.95,-7.90
15-February-2024,670.25,689.85,663.80,679.95,676.334073416222616933,6756,346,4569313.00,6756,100.00,26.05,9.70
14-February-2024,659.00,670.00,641.00,666.40,658.157436142277393172,8378,394,5514043.00,8378,100.00,29.00,7.40
13-February-2024,650.00,669.40,621.15,661.10,646.805308464849354375,13940,712,9016466.00,13940,100.00,48.25,11.10
12-February-2024,709.00,709.00,651.75,652.95,663.036430879102193504,23524,961,15597269.00,23524,100.00,57.25,-56.05
9-February-2024,699.95,700.00,665.00,686.05,676.973222530009233610,14079,643,9531106.00,14079,100.00,35.00,-13.90
8-February-2024,695.00,707.00,685.05,690.90,693.926662571033635386,13022,478,9036313.00,13022,100.00,21.95,-4.10
7-February-2024,698.00,699.00,685.00,693.15,692.912637625658209669,12534,527,8684967.00,12534,100.00,14.00,-4.85
6-February-2024,689.50,719.40,689.50,697.45,697.293974094236906326,10654,456,7428970.00,10654,100.00,29.90,7.95
5-February-2024,725.00,725.00,681.00,689.45,696.377426393493723256,35289,1585,24574463.00,26187,74.21,44.00,-35.55
2-February-2024,674.80,717.95,659.10,703.90,692.628880469322903935,49092,1926,34002537.00,28197,57.44,58.85,29.10
1-February-2024,668.00,699.00,645.00,658.30,672.066487082159911840,32668,1495,21955068.00,22631,69.28,54.00,-9.70
31-January-2024,709.00,729.00,663.85,669.10,698.145258257529238722,70027,3097,48889018.00,47717,68.14,65.15,-39.90
30-January-2024,669.10,718.90,669.10,696.00,705.909250820880520002,238768,6184,168548540.00,112511,47.12,49.80,26.90
29-January-2024,570.00,602.00,566.00,599.10,590.343869235479768241,42458,1294,25064820.00,34020,80.13,36.00,29.10
25-January-2024,571.90,571.90,555.00,563.00,562.743175440088442894,11759,375,6617297.00,9326,79.31,16.90,-8.90
24-January-2024,551.00,564.00,546.00,559.40,554.318847597143203002,8261,394,4579228.00,6260,75.78,18.00,8.40
23-January-2024,556.25,562.85,545.00,548.40,552.068688836324845786,21561,780,11903153.00,18237,84.58,17.85,-7.85
20-January-2024,554.65,569.60,545.10,555.05,559.584916783819327921,22051,709,12339407.00,18387,83.38,24.50,0.40
19-January-2024,569.85,574.70,546.60,554.65,557.375770940288736519,29023,1308,16176717.00,19907,68.59,28.10,-15.20
18-January-2024,569.95,575.00,545.10,569.85,566.580539597120209439,13751,605,7791049.00,9470,68.87,29.90,-0.10
17-January-2024,555.50,567.00,545.00,562.30,560.645223073456511942,17752,716,9952574.00,13332,75.10,22.00,6.80
16-January-2024,574.50,588.00,539.80,565.15,565.297889984336128259,21706,975,12270356.00,17335,79.86,48.20,-9.35
15-January-2024,580.00,587.00,571.30,574.20,575.464297099139305068,12548,547,7220926.00,10059,80.16,15.70,-5.80
12-January-2024,580.00,587.90,571.00,573.85,574.122462696599005242,14878,619,8541794.00,10831,72.80,16.90,-6.15
11-January-2024,580.00,590.20,572.00,575.75,583.298925268682829292,12003,536,7001337.00,7357,61.29,18.20,-4.25
10-January-2024,585.00,588.10,549.00,578.55,572.560947693716378619,17474,768,10004930.00,11781,67.42,39.10,-6.45
9-January-2024,598.80,603.00,581.30,584.35,594.563225538971807628,19296,766,11472692.00,14008,72.60,21.70,-14.45
8-January-2024,581.00,599.00,581.00,593.45,592.965456674473067915,27328,696,16204560.00,19099,69.89,18.00,12.45
5-January-2024,577.65,594.00,577.65,586.75,587.242625156144902469,20814,736,12222868.00,16760,80.52,16.35,9.10
4-January-2024,579.70,584.50,565.00,577.65,574.285194385073074923,17311,853,9941451.00,12434,71.83,19.50,-2.05
3-January-2024,582.00,584.40,556.00,571.95,571.932984086191558762,20234,591,11572492.00,15485,76.53,28.40,-10.05
2-January-2024,586.00,586.00,570.10,578.65,576.221724441833137485,13616,488,7845835.00,9617,70.63,15.90,-7.35
1-January-2024,565.00,580.00,565.00,574.30,575.436540558677963258,11921,651,6859779.00,9105,76.38,15.00,9.30
29-December-2023,578.00,578.00,566.00,568.45,569.756604554865424430,12075,551,6879811.00,9849,81.57,12.00,-9.55
28-December-2023,583.40,583.40,565.30,570.20,571.154379738667527020,12398,571,7081172.00,10629,85.73,18.10,-13.20
27-December-2023,583.05,594.00,567.05,571.95,578.472338090010976948,18220,744,10539766.00,15713,86.24,26.95,-11.10
26-December-2023,600.00,600.00,580.00,582.35,586.357317073170731707,11480,619,6731382.00,9955,86.72,20.00,-17.65
22-December-2023,584.80,599.80,579.00,591.65,592.720023031524399021,6947,376,4117626.00,4410,63.48,20.80,6.85
21-December-2023,552.00,590.00,516.65,584.80,566.574462307190962415,18412,1071,10431769.00,11653,63.29,73.35,32.80
20-December-2023,604.00,604.00,553.00,568.25,583.469441241220253695,28617,1240,16697145.00,22322,78.00,51.00,-35.75
19-December-2023,615.00,615.00,591.10,593.10,598.017145343777197563,11490,658,6871217.00,8733,76.01,23.90,-21.90
18-December-2023,619.90,630.00,596.45,604.50,608.634913502583689058,17804,742,10836136.00,12819,72.00,33.55,-15.40
15-December-2023,591.00,612.00,585.00,598.80,597.892148960180557794,18609,735,11126175.00,12392,66.59,27.00,7.80
14-December-2023,594.10,597.60,582.00,586.50,590.144678453194336831,14197,541,8378284.00,10807,76.12,15.60,-7.60
13-December-2023,585.00,599.90,575.00,582.45,587.976545198308838332,9934,575,5840959.00,6574,66.18,24.90,-2.55
12-December-2023,590.00,590.00,576.00,579.25,581.245315581854043392,12168,665,7072593.00,10021,82.36,14.00,-10.75
11-December-2023,590.75,593.00,580.10,585.85,586.653509223951355250,9703,597,5692299.00,6807,70.15,12.90,-4.90
8-December-2023,586.10,603.00,585.00,590.65,595.273718237858968576,13302,582,7918331.00,9703,72.94,18.00,4.55
7-December-2023,605.00,605.00,586.00,588.60,594.730377243687252814,13148,673,7819515.00,10877,82.73,19.00,-16.40
6-December-2023,613.50,613.50,590.20,597.35,602.699336108923146168,17774,756,10712378.00,13245,74.52,23.30,-16.15
5-December-2023,608.95,616.00,591.55,597.40,602.748351285996922400,18196,775,10967609.00,13872,76.24,24.45,-11.55
4-December-2023,629.00,629.00,601.00,609.10,609.918525126375260184,16815,638,10255780.00,13152,78.22,28.00,-19.90
1-December-2023,601.70,607.90,591.10,598.70,601.158696516094846999,15098,685,9076294.00,10799,71.53,16.80,-3.00
30-November-2023,599.00,608.00,587.00,597.65,598.500855055189925895,19297,826,11549271.00,13442,69.66,21.00,-1.35
29-November-2023,574.95,599.90,573.00,594.25,593.958763195777351247,33344,1108,19804961.00,24201,72.58,26.90,19.30
28-November-2023,615.80,629.00,555.55,575.35,593.318019323671497584,41400,1758,24563366.00,31993,77.28,73.45,-40.45
24-November-2023,619.00,619.95,602.00,618.00,614.269367345459815928,13799,618,8476303.00,9024,65.40,17.95,-1.00
23-November-2023,608.20,617.00,595.00,612.40,610.356014460456593869,20193,921,12324919.00,12814,63.46,22.00,4.20
22-November-2023,591.00,618.00,590.00,601.15,605.074348407217643127,35912,1426,21729430.00,23965,66.73,28.00,10.15
21-November-2023,647.00,660.00,537.10,590.70,614.536515207035544155,109160,3891,67082806.00,67244,61.60,122.90,-56.30
20-November-2023,625.00,640.60,610.00,638.60,629.795770054970651262,64398,2088,40557588.00,43378,67.36,30.60,13.60
17-November-2023,556.00,618.75,556.00,601.00,582.962565950328143096,77710,2463,45302021.00,49065,63.14,62.75,45.00
16-November-2023,522.00,569.90,521.55,543.55,545.663885578069129916,46984,1687,25637472.00,26343,56.07,48.35,21.55
15-November-2023,483.00,522.00,471.20,517.70,500.380390576338255230,54586,1589,27313764.00,38777,71.04,50.80,34.70
13-November-2023,480.45,488.00,470.10,481.10,482.959892695369189498,22739,875,10982025.00,17853,78.51,17.90,0.65
12-November-2023,480.00,484.95,462.00,473.20,476.757158225753061900,24168,900,11522267.00,18580,76.88,22.95,-6.80
10-November-2023,463.00,478.00,460.00,473.00,469.340327596931370516,24115,682,11318142.00,17430,72.28,18.00,10.00
9-November-2023,472.20,478.95,462.05,467.70,468.825910643141718838,14056,522,6589817.00,10626,75.60,16.90,-4.50
8-November-2023,472.05,487.80,468.75,470.75,476.557255967856298747,16924,635,8065255.00,11725,69.28,19.05,-1.30
7-November-2023,479.90,485.00,470.00,476.90,475.719152640742890307,17230,548,8196641.00,13976,81.11,15.00,-3.00
6-November-2023,484.10,485.00,470.00,475.30,475.754063273359641495,14951,636,7112999.00,11050,73.91,15.00,-8.80
3-November-2023,475.00,489.00,465.00,475.05,472.484621479507311099,13883,603,6559504.00,9432,67.94,24.00,0.05
2-November-2023,480.00,485.00,471.10,473.65,476.760991671508812705,10326,488,4923034.00,8229,79.69,13.90,-6.35
1-November-2023,463.95,480.00,450.00,471.90,473.440879220484930886,22065,788,10446473.00,15277,69.24,30.00,7.95
31-October-2023,470.00,472.00,454.00,460.40,466.172819389989306991,19639,752,9155168.00,14049,71.54,18.00,-9.60
30-October-2023,435.20,477.05,435.00,464.40,460.362594052310999641,61402,1862,28267184.00,31910,51.97,42.05,29.20
27-October-2023,434.00,439.00,427.00,433.15,432.122898475172683435,23019,606,9947037.00,18886,82.05,12.00,-0.85
26-October-2023,448.00,450.80,414.00,426.20,425.015570056507059008,57161,1886,24294315.00,42645,74.60,36.80,-21.80
25-October-2023,449.50,455.00,444.15,450.75,451.586420458876438752,52476,1080,23697449.00,39028,74.37,10.85,1.25
23-October-2023,454.00,454.00,425.05,443.65,442.617569553539755739,39466,1261,17468345.00,27840,70.54,28.95,-10.35
20-October-2023,441.95,448.35,420.00,434.10,434.556119131226427363,15378,460,6682604.00,11573,75.26,28.35,-7.85
19-October-2023,436.45,446.00,431.00,441.95,438.234643211803092637,14098,511,6178232.00,10270,72.85,15.00,5.50
18-October-2023,442.00,443.00,435.00,436.45,438.715830648872526461,8692,415,3813318.00,7199,82.82,8.00,-5.55
17-October-2023,435.00,442.25,435.00,438.15,437.635945444274069889,12391,462,5422747.00,10523,84.92,7.25,3.15
16-October-2023,443.00,443.00,430.95,434.85,434.074982688693243644,10109,503,4388064.00,8197,81.09,12.05,-8.15
13-October-2023,440.00,443.90,435.00,436.75,437.084589109905565601,9954,456,4350740.00,7937,79.74,8.90,-3.25
12-October-2023,446.50,446.50,435.00,436.40,438.528467829038728591,6481,402,2842103.00,4709,72.66,11.50,-10.10
11-October-2023,435.00,446.70,427.15,438.25,439.114532019704433497,10556,501,4635293.00,8144,77.15,19.55,3.25
10-October-2023,427.00,438.00,422.00,434.10,432.017653100526383361,15578,554,6729971.00,13117,84.20,16.00,7.10
9-October-2023,430.00,439.00,425.00,427.20,428.447967176426706452,16086,863,6892014.00,12155,75.56,14.00,-2.80
6-October-2023,437.05,447.00,436.00,441.60,439.607976878612716763,8650,472,3802609.00,7550,87.28,11.00,4.55
5-October-2023,442.70,448.00,435.10,442.15,441.882991767384830968,11418,529,5045420.00,8639,75.66,12.90,-0.55
4-October-2023,443.00,443.00,425.00,436.05,433.538924961510141241,14939,825,6476638.00,11093,74.26,18.00,-6.95
3-October-2023,446.45,453.95,436.00,442.70,442.593890454787841852,13127,836,5809930.00,10114,77.05,17.95,-3.75
29-September-2023,451.80,453.05,440.00,446.45,446.986655801161250891,29451,1078,13164204.00,23404,79.47,13.05,-5.35
28-September-2023,450.00,454.60,425.20,434.50,438.071431328649733652,51812,2605,22697357.00,39394,76.03,29.40,-15.50
27-September-2023,470.00,470.00,440.00,457.90,453.482868700120258008,45735,1712,20740039.00,30218,66.07,30.00,-12.10
26-September-2023,473.80,489.80,462.05,472.40,480.313845521774856203,24340,875,11690839.00,17267,70.94,27.75,-1.40
25-September-2023,483.90,490.00,461.00,464.55,475.665209945077659009,16933,900,8054439.00,12191,72.00,29.00,-19.35
22-September-2023,476.15,495.00,473.00,481.65,482.750919501004815531,26373,1024,12731590.00,15433,58.52,22.00,5.50
21-September-2023,459.70,499.00,456.00,469.95,479.702475386779184247,35550,1449,17053423.00,25067,70.51,43.00,10.25
20-September-2023,440.00,490.00,432.10,459.70,463.038635869474318018,59789,1730,27684617.00,36657,61.31,57.90,19.70
18-September-2023,438.80,450.00,429.10,432.50,434.511287535104774249,18516,948,8045411.00,11510,62.16,20.90,-6.30
15-September-2023,440.00,445.00,420.00,430.70,431.982587064676616915,55476,2317,23964666.00,38692,69.75,25.00,-9.30
14-September-2023,819.95,823.45,787.00,801.35,799.421944071921720558,20133,1093,16094762.00,14694,72.98,36.45,-18.60
13-September-2023,819.55,830.90,780.00,805.70,799.211482698627488884,15519,996,12402963.00,10878,70.09,50.90,-13.85
12-September-2023,835.35,844.50,785.70,813.50,813.674554999589861373,24382,1337,19839013.00,16671,68.37,58.80,-21.85
11-September-2023,840.00,844.00,829.40,837.00,836.079551948794147902,17498,784,14629720.00,11698,66.85,14.60,-3.00
8-September-2023,827.05,848.60,827.00,829.40,836.152718465166677289,15689,641,13118400.00,10173,64.84,21.60,2.35
7-September-2023,840.00,844.60,805.00,825.90,827.560909255788646393,16541,786,13688685.00,10743,64.95,39.60,-14.10
6-September-2023,838.75,845.00,829.00,833.20,837.054328776726253066,17118,698,14328696.00,12796,74.75,16.00,-5.55
5-September-2023,810.30,834.80,802.30,825.45,822.905910647911959769,27442,1170,22582184.00,19169,69.85,32.50,15.15
4-September-2023,772.00,805.00,761.30,798.30,783.390469154045068341,16242,834,12723828.00,12738,78.43,43.70,26.30
1-September-2023,779.00,787.95,771.10,778.10,778.256306760847628657,4955,265,3856260.00,4325,87.29,16.85,-0.90
31-August-2023,782.00,792.85,775.00,778.20,779.855425883992335829,5741,398,4477150.00,4211,73.35,17.85,-3.80
30-August-2023,781.40,797.00,781.40,782.60,785.465784746039523109,6123,363,4809407.00,5189,84.75,15.60,1.20
29-August-2023,796.30,800.00,780.10,785.50,787.577811821779650197,7833,384,6169097.00,5955,76.02,19.90,-10.80
28-August-2023,783.00,795.00,780.10,788.80,785.594052224371373307,8272,366,6498434.00,6306,76.23,14.90,5.80
25-August-2023,782.05,787.00,760.15,784.65,779.339293630855622875,6767,332,5273789.00,4825,71.30,26.85,2.60
24-August-2023,780.00,790.00,780.00,782.05,784.734736842105263157,7125,367,5591235.00,5664,79.49,10.00,2.05
23-August-2023,789.00,795.00,780.00,781.50,786.022656541765218473,8033,404,6314120.00,6704,83.46,15.00,-7.50
22-August-2023,783.05,789.70,775.00,785.40,785.011068254234445748,5963,371,4681021.00,4962,83.21,14.70,2.35
21-August-2023,760.00,789.00,760.00,784.95,783.952131220709663021,8962,440,7025779.00,7490,83.58,29.00,24.95
18-August-2023,791.50,791.50,765.20,776.65,773.748249789974796975,7142,576,5526110.00,4844,67.82,26.30,-14.85
17-August-2023,796.45,807.30,762.25,783.05,778.410510386573118723,14538,772,11316532.00,8826,60.71,45.05,-13.40
16-August-2023,742.05,822.50,742.05,796.45,793.730035833120040952,31256,1348,24808826.00,21175,67.75,80.45,54.40
14-August-2023,750.00,760.00,736.00,742.05,747.166600961917527398,12683,704,9476314.00,9173,72.33,24.00,-7.95
11-August-2023,753.10,759.00,743.30,751.95,751.482022915843540102,5062,398,3804002.00,4312,85.18,15.70,-1.15
10-August-2023,741.30,764.00,730.00,753.10,751.584960108640298760,11782,584,8855174.00,9158,77.73,34.00,11.80
9-August-2023,775.00,775.00,750.00,753.65,757.170987814363494944,15428,740,11681634.00,11061,71.69,25.00,-21.35
8-August-2023,774.95,776.65,735.30,767.15,764.576491024898668210,17270,851,13204236.00,11835,68.53,41.35,-7.80
7-August-2023,790.00,790.00,763.10,766.15,770.868601855032634833,11644,794,8975994.00,8925,76.65,26.90,-23.85
4-August-2023,799.95,799.95,763.00,779.70,776.285144927536231884,13800,933,10712735.00,9225,66.85,36.95,-20.25
3-August-2023,807.00,808.00,782.00,786.85,795.072430266605023886,12978,879,10318450.00,9877,76.11,26.00,-20.15
2-August-2023,810.00,819.80,780.00,795.30,795.793358468677494199,20688,1302,16463373.00,15218,73.56,39.80,-14.70
1-August-2023,831.00,833.00,802.00,803.75,813.381652465428132420,28636,1631,23291997.00,21202,74.04,31.00,-27.25
31-July-2023,840.00,840.00,778.00,802.15,803.629601172604553299,84598,3795,67985457.00,55180,65.23,62.00,-37.85
28-July-2023,839.90,848.00,712.00,727.75,767.153285396831132228,110702,4514,84925403.00,76978,69.54,136.00,-112.15
27-July-2023,815.00,836.00,809.05,820.45,824.955380190279519138,27118,1329,22371140.00,19940,73.53,26.95,5.45
26-July-2023,808.80,809.00,784.00,800.00,799.495336218984332134,16403,985,13114122.00,10886,66.37,25.00,-8.80
25-July-2023,810.00,823.00,781.00,791.60,806.049649132063525563,37906,1670,30554118.00,27189,71.73,42.00,-18.40
24-July-2023,728.75,800.00,728.75,792.30,777.042733576381442562,69945,2646,54350254.00,45856,65.56,71.25,63.55
21-July-2023,739.95,739.95,719.00,728.75,723.890710104352252481,19645,931,14220833.00,14856,75.62,20.95,-11.20
20-July-2023,740.00,745.00,722.00,731.35,732.828761755485893416,20416,847,14961432.00,10197,49.95,23.00,-8.65
19-July-2023,748.00,754.60,711.00,730.65,728.508111017144614438,26014,1269,18951410.00,14112,54.25,43.60,-17.35
18-July-2023,760.00,765.00,725.00,730.65,740.228452490710474115,35793,1836,26494997.00,27014,75.47,40.00,-29.35
17-July-2023,720.00,770.00,710.05,753.75,752.047275374705221341,63183,2879,47516603.00,39830,63.04,59.95,33.75
14-July-2023,715.00,721.40,702.20,706.10,710.530563167608075610,17881,833,12704997.00,9784,54.72,19.20,-8.90
13-July-2023,740.00,747.00,700.00,704.00,716.235111600440396356,29973,1503,21467715.00,22521,75.14,47.00,-36.00
12-July-2023,675.30,740.00,675.30,721.85,713.042057006178991429,55187,2297,39350652.00,34276,62.11,64.70,46.55
11-July-2023,734.90,768.95,660.00,674.60,708.132634284816037430,108147,4313,76582420.00,63511,58.73,108.95,-60.30
10-July-2023,620.00,719.70,620.00,707.50,681.786018379870225197,136236,3982,92883800.00,90738,66.60,99.70,87.50
7-July-2023,568.00,619.90,562.50,603.20,587.832781182706642372,72444,2059,42584958.00,58544,80.81,57.40,35.20
6-July-2023,570.00,594.00,560.00,563.60,572.042670241782626785,64893,2081,37121565.00,51338,79.11,34.00,-6.40
5-July-2023,514.60,543.95,514.60,532.85,531.136011185966696326,15734,628,8356894.00,10476,66.58,29.35,18.25
4-July-2023,526.00,530.90,504.00,514.60,518.145319280843149411,8065,399,4178842.00,6009,74.51,26.90,-11.40
3-July-2023,528.05,532.00,521.00,524.00,523.901730531520395550,9708,357,5086038.00,8297,85.47,11.00,-4.05
30-June-2023,527.00,534.80,524.75,528.10,528.538098154142244772,11431,381,6041719.00,10120,88.53,10.05,1.10
28-June-2023,503.90,528.85,503.90,524.75,519.276613254586822868,20657,575,10726697.00,15731,76.15,24.95,20.85
27-June-2023,507.00,513.90,500.00,501.60,505.475619504396482813,11259,515,5691150.00,8795,78.12,13.90,-5.40
26-June-2023,515.00,526.00,505.00,507.65,513.274835646457268078,10952,482,5621386.00,8570,78.25,21.00,-7.35
23-June-2023,516.00,528.00,516.00,518.90,518.852245202161356437,5367,241,2784680.00,4997,93.11,12.00,2.90
22-June-2023,534.80,534.80,516.50,520.70,524.830153480878487238,11793,344,6189322.00,9691,82.18,18.30,-14.10
21-June-2023,526.80,532.00,526.50,528.00,530.031778929188255613,5790,295,3068884.00,4585,79.19,5.50,1.20
20-June-2023,518.20,530.90,518.00,526.80,525.264752791068580542,7524,319,3952092.00,5758,76.53,12.90,8.60
19-June-2023,526.00,526.00,517.35,518.20,519.717794759825327510,5496,404,2856369.00,5059,92.05,8.65,-7.80
16-June-2023,516.00,530.00,516.00,524.95,522.406968737088555295,7261,327,3793197.00,5630,77.54,14.00,8.95
15-June-2023,525.00,525.00,512.00,517.55,520.505240234109160201,7347,397,3824152.00,6411,87.26,13.00,-7.45
14-June-2023,526.45,530.00,517.00,518.90,520.565223405726933185,7229,424,3763166.00,6283,86.91,13.00,-7.55
13-June-2023,525.10,535.00,525.00,526.45,527.243171471927162367,7908,445,4169439.00,6901,87.27,10.00,1.35
12-June-2023,544.00,544.00,528.00,531.75,531.165776152980877390,7112,492,3777651.00,6102,85.80,16.00,-12.25
9-June-2023,535.00,544.00,534.00,536.75,536.896151721598232369,10862,535,5831766.00,9504,87.50,10.00,1.75
8-June-2023,502.00,555.00,500.00,535.60,540.353562162645751945,67066,2336,36239352.00,35032,52.24,55.00,33.60
7-June-2023,504.75,504.75,485.50,499.60,496.668813642497853024,16302,585,8096695.00,10162,62.34,19.25,-5.15
6-June-2023,496.05,505.00,496.00,498.25,500.224688473520249221,5136,342,2569154.00,3918,76.28,9.00,2.20
5-June-2023,496.05,508.00,494.00,496.60,497.861337683523654159,9195,505,4577835.00,7519,81.77,14.00,0.55
2-June-2023,509.00,509.00,495.80,497.55,498.691080158656950465,10841,621,5406310.00,9234,85.18,13.20,-11.45
1-June-2023,501.00,510.00,496.00,500.80,500.277639952540179052,9271,535,4638074.00,7669,82.72,14.00,-0.20
31-May-2023,512.50,522.00,496.00,499.90,505.432207173686560500,13438,642,6791998.00,9910,73.75,26.00,-12.60
30-May-2023,499.00,509.00,490.00,505.90,501.289469662234449029,13086,586,6559874.00,9980,76.26,19.00,6.90
29-May-2023,510.20,515.00,488.05,491.00,498.880235988200589970,16950,912,8456020.00,15265,90.06,26.95,-19.20
26-May-2023,505.00,519.80,493.00,500.20,504.203765190251676738,30118,1107,15185609.00,21618,71.78,26.80,-4.80
25-May-2023,522.10,534.00,494.00,499.45,509.408138531318287823,54457,2745,27740839.00,48124,88.37,40.00,-22.65
24-May-2023,524.00,555.00,502.00,550.40,540.436063586779171134,21451,868,11592894.00,14692,68.49,53.00,26.40
23-May-2023,532.50,547.65,501.30,519.20,525.611415948122283189,28066,1490,14751810.00,20074,71.52,46.35,-13.30
22-May-2023,565.00,580.00,530.00,547.65,551.088367071524966261,18525,1009,10208912.00,12756,68.86,50.00,-17.35
19-May-2023,550.25,579.00,541.00,561.15,562.895065363325874455,16982,861,9559084.00,9099,53.58,38.00,10.90
18-May-2023,583.25,607.75,510.20,550.25,553.064203376942087344,57863,2414,32001954.00,30466,52.65,97.55,-33.00
17-May-2023,575.90,611.00,566.00,581.55,589.868157677577706777,47261,2149,27877759.00,31284,66.19,45.00,5.65
16-May-2023,515.30,590.00,515.30,565.50,553.267049222872631852,69358,2200,38373496.00,42624,61.46,74.70,50.20
15-May-2023,468.65,523.90,459.00,512.60,500.901876596217196579,54034,1324,27065732.00,33857,62.66,64.90,43.95
12-May-2023,500.00,500.00,465.00,468.65,481.603033056912416221,17606,865,8479103.00,11726,66.60,35.00,-31.35
11-May-2023,488.00,494.60,483.10,486.55,488.688202006344851238,23326,925,11399141.00,15413,66.08,11.50,-1.45
10-May-2023,460.00,494.95,452.00,476.70,475.223559905043360302,41282,1141,19618179.00,18069,43.77,42.95,16.70
9-May-2023,466.80,470.00,460.15,464.05,464.410182516810758885,6246,284,2900706.00,4745,75.97,9.85,-2.75
8-May-2023,450.00,465.00,449.95,459.15,456.958757968689015135,23059,532,10537012.00,17276,74.92,15.05,9.15
5-May-2023,445.50,450.00,440.00,445.00,446.261577994510307773,17123,346,7641337.00,11729,68.50,10.00,-0.50
4-May-2023,447.00,447.00,438.20,442.20,442.324842151099499237,4593,212,2031598.00,3601,78.40,8.80,-4.80
3-May-2023,446.80,450.00,436.00,438.20,443.983972456369464561,8423,354,3739677.00,5798,68.84,14.00,-8.60
2-May-2023,437.10,447.95,437.10,444.65,443.521502691304589090,18021,579,7992701.00,12314,68.33,10.85,7.55
28-April-2023,430.00,435.00,420.20,432.80,430.919358407079646017,9040,347,3895511.00,6638,73.43,14.80,2.80
27-April-2023,430.15,438.50,411.15,421.95,425.116659101225601452,8812,432,3746128.00,5631,63.90,27.35,-8.20
26-April-2023,421.25,435.50,421.25,430.45,430.867776532735713142,6247,243,2691631.00,4881,78.13,14.25,9.20
25-April-2023,429.95,435.00,422.00,432.80,430.015191429574991218,11388,394,4897013.00,8527,74.88,13.00,2.85
24-April-2023,437.00,437.00,408.60,425.35,426.459151108983564704,12534,544,5345239.00,7651,61.04,28.40,-11.65
21-April-2023,388.05,450.00,388.05,416.20,412.517570875779831003,12663,445,5223710.00,7668,60.55,61.95,28.15
20-April-2023,389.20,396.60,388.35,392.55,392.584542337114217884,3791,174,1488288.00,2342,61.78,8.25,3.35
19-April-2023,396.25,407.95,385.30,392.55,393.217945574895807796,8158,417,3207872.00,5195,63.68,22.65,-3.70
18-April-2023,399.95,411.80,396.00,398.55,401.613837965700768775,5073,243,2037387.00,3046,60.04,15.80,-1.40
17-April-2023,419.95,419.95,390.10,399.95,400.488773634453781512,15232,544,6100245.00,8916,58.53,29.85,-20.00
13-April-2023,421.95,421.95,405.40,413.85,414.414322855116993618,4231,233,1753387.00,2797,66.11,16.55,-8.10
12-April-2023,422.55,423.00,414.00,415.25,417.937727369997860047,4673,268,1953023.00,3527,75.48,9.00,-7.30
11-April-2023,429.90,429.90,417.00,421.25,422.882503465188186373,9379,269,3966215.00,5747,61.28,12.90,-8.65
10-April-2023,440.35,440.35,416.65,420.65,423.142411730007584056,11867,568,5021431.00,7092,59.76,23.70,-19.70
6-April-2023,447.00,469.00,426.30,440.35,450.798828282828282828,24750,877,11157271.00,15494,62.60,42.70,-6.65
5-April-2023,404.30,445.00,394.30,440.40,429.993824469630921243,41292,1322,17755305.00,25906,62.74,50.70,36.10
3-April-2023,354.70,398.00,349.00,392.75,379.367819967128829702,23729,618,9002019.00,12730,53.65,49.00,38.05
31-March-2023,352.00,364.00,340.25,346.95,350.897021959290083224,9973,429,3499496.00,7423,74.43,23.75,-5.05
29-March-2023,353.10,364.70,345.30,353.10,354.309052705305550691,5711,259,2023459.00,3837,67.19,19.40,0.00
28-March-2023,379.85,379.85,353.95,356.90,360.447728382999511480,4094,263,1475673.00,3313,80.92,25.90,-22.95
27-March-2023,370.75,377.00,363.00,365.60,368.251379310344827586,2900,195,1067929.00,2182,75.24,14.00,-5.15
24-March-2023,385.00,385.00,370.00,370.75,373.926717144402379664,3698,246,1382781.00,2652,71.71,15.00,-14.25
23-March-2023,382.95,385.00,372.30,379.85,380.455497382198952879,1528,107,581336.00,1085,71.01,12.70,-3.10
22-March-2023,384.00,384.00,370.00,381.70,379.396193393130605994,4571,188,1734220.00,3031,66.31,14.00,-2.30
21-March-2023,381.00,385.00,372.05,379.05,378.487634749524413443,4731,171,1790625.00,2508,53.01,12.95,-1.95
20-March-2023,385.00,385.00,351.60,375.30,372.021456905878110349,5546,247,2063231.00,3804,68.59,33.40,-9.70
17-March-2023,384.00,387.50,375.00,377.35,379.308618012422360248,2576,192,977099.00,1718,66.69,12.50,-6.65
16-March-2023,384.00,384.00,370.00,379.40,379.028662420382165605,5652,230,2142270.00,3848,68.08,14.00,-4.60
15-March-2023,388.20,390.00,380.00,382.45,385.562173458725182863,4785,199,1844915.00,3062,63.99,10.00,-5.75
14-March-2023,389.70,389.70,370.00,380.55,380.818504328082872144,7047,257,2683628.00,4905,69.60,19.70,-9.15
13-March-2023,394.90,394.90,372.25,375.00,383.774001979544704717,6062,317,2326438.00,4096,67.57,22.65,-19.90
10-March-2023,391.85,391.85,382.00,384.95,385.056616194865042791,6076,189,2339604.00,4801,79.02,9.85,-6.90
9-March-2023,380.20,394.90,380.20,388.45,385.260106549670949545,12764,372,4917460.00,8660,67.85,14.70,8.25
8-March-2023,375.00,388.25,370.20,385.90,380.483091787439613526,15111,408,5749480.00,11252,74.46,18.05,10.90
6-March-2023,367.20,375.00,361.00,370.75,367.175119256841576700,7966,383,2924917.00,6089,76.44,14.00,3.55
3-March-2023,350.20,362.00,350.20,358.20,354.905701947651361593,11347,364,4027115.00,7279,64.15,11.80,8.00
2-March-2023,364.65,364.65,345.60,356.30,355.214760147601476014,4065,243,1443948.00,3053,75.10,19.05,-8.35
1-March-2023,354.75,355.00,345.40,354.75,350.390018112296236667,4969,281,1741088.00,3099,62.37,9.60,0.00
28-February-2023,351.80,363.00,345.00,347.75,349.164450474898236092,3685,278,1286671.00,2894,78.53,18.00,-4.05
27-February-2023,350.00,372.00,349.00,351.80,354.651712583767684288,5372,314,1905189.00,3064,57.04,23.00,1.80
24-February-2023,361.20,366.00,352.05,356.15,358.749942752461644149,4367,224,1566661.00,3111,71.24,13.95,-5.05
23-February-2023,368.00,368.00,355.00,361.20,360.930305755395683453,6672,199,2408127.00,4124,61.81,13.00,-6.80
22-February-2023,376.80,376.80,353.60,359.95,360.726379162059221034,8139,363,2935952.00,5160,63.40,23.20,-16.85
21-February-2023,365.00,371.00,365.00,369.45,368.656815816857440166,4805,204,1771396.00,3950,82.21,6.00,4.45
20-February-2023,375.00,375.00,361.70,366.10,364.845028571428571428,4375,257,1596197.00,2934,67.06,13.30,-8.90
17-February-2023,374.40,383.00,361.10,368.80,366.244045622274404562,11924,480,4367094.00,8288,69.51,21.90,-5.60
16-February-2023,389.80,395.00,364.80,374.40,380.618430112462703695,8714,418,3316709.00,5485,62.94,30.20,-15.40
15-February-2023,378.00,390.00,378.00,384.05,385.247073213349641796,5723,308,2204769.00,3535,61.77,12.00,6.05
14-February-2023,374.90,384.00,363.20,379.00,373.608317477575428105,11037,410,4123515.00,8033,72.78,20.80,4.10
13-February-2023,361.15,378.90,356.00,375.90,366.729759036144578313,8300,448,3043857.00,6866,82.72,22.90,14.75
10-February-2023,369.00,389.00,355.00,361.15,362.055299539170506912,11067,519,4006866.00,6378,57.63,34.00,-7.85
9-February-2023,365.05,374.40,355.20,360.55,363.168703919285991462,10308,462,3743543.00,6057,58.76,19.20,-4.50
8-February-2023,380.55,380.55,361.20,370.15,372.213515163851007531,9826,495,3657370.00,6402,65.15,19.35,-10.40
7-February-2023,343.00,375.00,337.60,365.30,352.260480220429049399,20324,795,7159342.00,12884,63.39,37.40,22.30
6-February-2023,369.00,380.00,337.00,341.65,346.346879909346107290,38829,1877,13448303.00,28045,72.23,43.00,-27.35
3-February-2023,389.95,391.95,362.20,366.80,371.378745318352059925,10680,592,3966325.00,7994,74.85,29.75,-23.15
2-February-2023,404.00,408.00,378.05,382.30,392.982165768539902489,7794,491,3062903.00,5434,69.72,29.95,-21.70
1-February-2023,397.35,404.95,391.25,395.75,397.927780320366132723,10925,403,4347361.00,7054,64.57,13.70,-1.60
31-January-2023,383.00,395.45,383.00,390.65,390.993417959567465914,6381,355,2494929.00,4107,64.36,12.45,7.65
30-January-2023,390.00,397.00,380.00,388.45,390.531094890510948905,6850,442,2675138.00,4907,71.64,17.00,-1.55
27-January-2023,367.25,390.00,350.00,382.05,376.556313779502911162,15973,731,6014734.00,11087,69.41,40.00,14.80
25-January-2023,390.00,396.60,351.90,368.25,364.021792381113269701,47356,1690,17238616.00,26421,55.79,44.70,-21.75
24-January-2023,401.00,409.65,385.00,390.95,395.322399545827288210,15853,709,6267046.00,11894,75.03,24.65,-10.05
23-January-2023,418.95,418.95,392.00,393.25,398.917581892846910514,20942,1250,8354132.00,16406,78.34,26.95,-25.70
20-January-2023,412.20,425.50,403.00,412.50,411.818744838976052848,7266,503,2992275.00,4894,67.35,22.50,0.30
19-January-2023,423.35,429.45,412.00,416.95,419.000885608856088560,6775,458,2838731.00,4618,68.16,17.45,-6.40
18-January-2023,434.80,443.90,401.00,423.30,426.785157421289355322,6670,429,2846657.00,4659,69.85,42.90,-11.50
17-January-2023,438.90,438.90,426.50,430.65,432.725420275089149261,3926,291,1698880.00,2898,73.82,12.40,-8.25
16-January-2023,444.90,444.90,426.00,430.55,433.330854565402901377,8203,388,3554613.00,4682,57.08,18.90,-14.35
13-January-2023,422.25,431.00,413.20,424.60,423.741725279271824575,9668,492,4096735.00,6271,64.86,17.80,2.35
12-January-2023,411.05,424.80,408.15,416.35,413.151352764344530126,7651,544,3161021.00,6596,86.21,16.65,5.30
11-January-2023,422.00,429.90,412.00,414.75,418.385950012132977432,16484,749,6896674.00,11863,71.97,17.90,-7.25
10-January-2023,450.00,450.00,411.05,416.05,421.710433763188745603,42650,1619,17985950.00,30233,70.89,38.95,-33.95
9-January-2023,455.00,463.25,438.00,441.70,447.510481407352786263,9493,487,4248217.00,7581,79.86,25.25,-13.30
6-January-2023,445.00,456.00,436.50,443.30,445.533098725508845349,10514,562,4684335.00,8599,81.79,19.50,-1.70
5-January-2023,464.15,470.00,440.00,444.10,449.874883373763761895,10718,561,4821759.00,8404,78.41,30.00,-20.05
4-January-2023,474.00,474.00,418.45,455.05,449.363294201989425575,11159,711,5014445.00,6665,59.73,55.55,-18.95
3-January-2023,474.70,478.90,455.00,464.90,468.189302131216046803,7179,407,3361131.00,3743,52.14,23.90,-9.80
2-January-2023,481.90,481.90,460.20,471.85,471.005707346690953248,8235,482,3878732.00,5160,62.66,21.70,-10.05
30-December-2022,476.00,481.95,470.00,474.50,474.469360168218684289,6658,316,3159017.00,3438,51.64,11.95,-1.50
29-December-2022,487.00,487.00,467.00,473.20,473.076612251495070308,6187,449,2926925.00,3008,48.62,20.00,-13.80
28-December-2022,489.95,494.00,476.00,482.70,486.460155292194523906,12235,553,5951840.00,7457,60.95,18.00,-7.25
27-December-2022,466.95,488.90,465.00,481.90,480.040527468051524871,19641,972,9428476.00,12350,62.88,23.90,14.95
26-December-2022,415.45,447.50,411.05,447.50,437.603223669684257010,9058,476,3963810.00,6578,72.62,36.45,32.05
23-December-2022,447.00,447.00,403.20,406.85,418.863001792601444945,18409,1152,7710849.00,15325,83.25,43.80,-40.15
22-December-2022,462.00,477.00,440.00,448.00,449.873962736809143572,19161,767,8620035.00,13693,71.46,37.00,-14.00
21-December-2022,485.30,489.90,455.00,457.65,466.106190937727162587,16508,791,7694481.00,10792,65.37,34.90,-27.65
20-December-2022,494.00,494.00,477.00,485.30,484.087054758107389686,7524,443,3642271.00,3194,42.45,17.00,-8.70
19-December-2022,486.35,490.05,470.00,477.15,479.186378923766816143,7136,447,3419474.00,4805,67.33,20.05,-9.20
16-December-2022,489.95,489.95,470.00,476.80,478.768795472918350848,3711,324,1776711.00,2378,64.08,19.95,-13.15
15-December-2022,497.00,497.00,480.00,484.35,486.224809943284662724,8287,455,4029345.00,5328,64.29,17.00,-12.65
14-December-2022,509.75,509.75,491.00,492.50,497.484445742661019424,6847,474,3406276.00,5361,78.30,18.75,-17.25
13-December-2022,511.00,525.00,496.00,504.40,508.238875278803612563,27349,1057,13899825.00,18375,67.19,29.00,-6.60
12-December-2022,456.00,496.55,448.00,496.55,491.217816030123722431,46475,984,22829348.00,21685,46.66,48.55,40.55
9-December-2022,462.00,467.90,450.00,451.45,456.095354951796669588,5705,406,2602024.00,4234,74.22,17.90,-10.55
8-December-2022,469.95,469.95,448.05,458.65,459.159682899207248018,4415,290,2027190.00,2693,61.00,21.90,-11.30
7-December-2022,465.00,467.45,426.20,456.55,450.671287656624900026,7502,422,3380936.00,4896,65.26,41.25,-8.45
6-December-2022,472.00,472.00,454.00,461.60,461.989245170284803823,5021,388,2319648.00,2919,58.14,18.00,-10.40
5-December-2022,465.00,470.00,448.00,464.10,456.965975788701393983,10904,705,4982757.00,7257,66.55,22.00,-0.90
2-December-2022,462.25,474.95,446.80,458.20,458.311678403755868544,17040,719,7809631.00,11142,65.39,28.15,-4.05
1-December-2022,474.00,478.00,462.00,464.65,466.838376891334250343,7270,518,3393915.00,4905,67.47,16.00,-9.35
30-November-2022,475.05,483.25,452.65,465.05,469.779768861186858849,7701,526,3617774.00,5343,69.38,30.60,-10.00
29-November-2022,470.00,479.80,470.00,472.35,473.605311355311355311,6552,342,3103062.00,4548,69.41,9.80,2.35
28-November-2022,475.00,489.90,470.00,474.60,475.853991702924213295,9883,454,4702865.00,7624,77.14,19.90,-0.40
25-November-2022,514.90,514.90,475.20,481.25,482.722773102241479876,12001,573,5793156.00,6863,57.19,39.70,-33.65
24-November-2022,477.80,492.55,470.60,492.55,485.526868071422526868,11817,463,5737471.00,7716,65.30,21.95,14.75
23-November-2022,465.00,476.80,465.00,469.10,470.746912085250666020,4129,309,1943714.00,2937,71.13,11.80,4.10
22-November-2022,468.20,480.00,460.00,464.20,468.478903313973351554,11708,634,5484951.00,7750,66.19,20.00,-4.00
21-November-2022,484.70,498.00,462.65,478.20,479.136564466461373677,7469,420,3578671.00,5607,75.07,35.35,-6.50
18-November-2022,493.70,503.60,480.00,484.70,490.461180679785330948,11180,499,5483356.00,6650,59.48,23.60,-9.00
17-November-2022,490.00,500.00,476.60,488.40,491.242673770888835069,12387,527,6085023.00,7745,62.53,23.40,-1.60
16-November-2022,518.90,518.90,485.75,489.45,505.550178477383111943,17089,762,8639347.00,12166,71.19,33.15,-29.45
15-November-2022,515.00,520.00,501.00,511.30,512.523855311355311355,21840,895,11193521.00,15918,72.88,19.00,-3.70
14-November-2022,485.00,501.90,485.00,501.90,496.449435250853690570,19035,697,9449915.00,13983,73.46,16.90,16.90
11-November-2022,450.20,478.00,450.20,478.00,472.494154498816101026,40544,972,19156803.00,24161,59.59,27.80,27.80
10-November-2022,460.30,486.00,455.25,455.25,460.255225448016531725,59038,1992,27172548.00,30376,51.45,30.75,-5.05
9-November-2022,480.00,495.10,479.20,479.20,480.975345113197128658,36220,1252,17420927.00,24878,68.69,15.90,-0.80
7-November-2022,504.40,504.40,504.40,504.40,504.399986308871851040,14608,771,7368275.00,14607,99.99,0.00,0.00
4-November-2022,530.90,530.90,530.90,530.90,530.899991734854120175,12099,850,6423359.00,11252,93.00,0.00,0.00
3-November-2022,560.00,569.00,553.05,558.80,560.374908736918958384,8218,367,4605161.00,5614,68.31,15.95,-1.20
2-November-2022,556.00,572.95,553.00,558.30,558.015671042057326547,7466,546,4166145.00,4855,65.03,19.95,2.30
1-November-2022,573.00,581.95,560.20,566.65,565.492914979757085020,7904,477,4469656.00,5479,69.32,21.75,-6.35
31-October-2022,584.50,584.50,567.20,572.55,573.258506407423773751,11315,402,6486420.00,7815,69.07,17.30,-11.95
28-October-2022,568.70,577.00,565.00,573.05,571.128760529482551143,14958,380,8542944.00,10917,72.98,12.00,4.35
27-October-2022,591.95,592.00,563.10,567.15,574.869756292449061126,10012,641,5755596.00,6469,64.61,28.90,-24.80
25-October-2022,581.35,592.00,572.10,583.15,579.662036156041864890,5255,401,3046124.00,3017,57.41,19.90,1.80
24-October-2022,583.50,583.50,560.10,581.05,578.162893982808022922,6980,452,4035577.00,4531,64.91,23.40,-2.45
21-October-2022,576.15,588.00,571.00,572.15,575.898285714285714285,8750,539,5039110.00,4916,56.18,17.00,-4.00
20-October-2022,574.00,590.00,574.00,576.95,580.198466780238500851,8218,444,4768071.00,4722,57.46,16.00,2.95
19-October-2022,598.80,600.00,565.15,571.65,577.491914893617021276,11750,844,6785530.00,7688,65.43,34.85,-27.15
18-October-2022,603.70,603.75,582.20,589.60,592.498259769023888625,12642,829,7490363.00,9207,72.83,21.55,-14.10
17-October-2022,602.90,618.00,570.20,593.70,601.071517964227981436,38354,1666,23053497.00,19240,50.16,47.80,-9.20
14-October-2022,592.45,604.80,588.05,596.10,598.216865756541524459,28128,1250,16826644.00,17142,60.94,16.75,3.65
13-October-2022,539.00,579.50,526.60,576.50,568.316979231475720676,33753,1359,19182403.00,17991,53.30,52.90,37.50
12-October-2022,573.00,579.90,551.95,551.95,558.345694355355997434,24944,1441,13927375.00,17868,71.63,27.95,-21.05
11-October-2022,574.00,588.35,560.35,580.95,583.647936652961778589,32835,1116,19164080.00,20951,63.81,28.00,6.95
10-October-2022,530.00,560.35,527.00,560.35,549.062712056095905903,17684,845,9709625.00,13239,74.86,33.35,30.35
7-October-2022,529.85,545.00,512.35,533.70,530.094670526136557125,11746,487,6226492.00,6842,58.25,32.65,3.85
6-October-2022,540.00,540.00,512.60,529.25,529.881848367459878251,7228,397,3829986.00,4763,65.90,27.40,-10.75
4-October-2022,549.35,556.95,512.00,522.20,526.367179402131099962,24119,899,12695450.00,14656,60.77,44.95,-27.15
3-October-2022,537.90,547.55,527.25,536.35,539.188990597172924839,16059,576,8658836.00,10281,64.02,20.30,-1.55
30-September-2022,501.20,529.00,496.60,521.50,514.249804772234273318,23050,727,11853458.00,13452,58.36,32.40,20.30
29-September-2022,556.00,559.45,509.00,511.10,527.867370644139387539,23675,1146,12497260.00,13551,57.24,50.45,-44.90
28-September-2022,549.30,568.80,525.30,535.75,540.661452238714048161,16237,776,8778720.00,9636,59.35,43.50,-13.55
27-September-2022,568.00,589.90,542.55,549.25,553.623597110557890870,24503,947,13565439.00,14103,57.56,47.35,-18.75
26-September-2022,601.05,626.80,567.75,571.10,590.837061385926935514,37419,1293,22108532.00,23476,62.74,59.05,-29.95
23-September-2022,588.95,597.70,573.00,597.60,591.684551211646764657,42793,1193,25319957.00,26799,62.62,24.70,8.65
22-September-2022,549.90,569.25,532.60,569.25,554.470013947001394700,16491,690,9143765.00,10179,61.72,36.65,19.35
21-September-2022,564.05,582.80,540.00,542.15,550.804276655360566288,33905,1396,18675019.00,19674,58.03,42.80,-21.90
20-September-2022,604.80,604.90,561.00,563.85,570.527322014552717934,28036,1542,15995304.00,17123,61.08,43.90,-40.95
19-September-2022,591.50,600.00,576.05,589.75,586.250813397129186602,10450,691,6126321.00,6230,59.62,23.95,-1.75
16-September-2022,590.00,599.90,567.00,584.35,578.667907322973853168,21494,1196,12437888.00,15469,71.97,32.90,-5.65
15-September-2022,618.85,618.85,585.00,590.65,594.898798521256931608,23804,1029,14160971.00,15512,65.17,33.85,-28.20
14-September-2022,616.90,623.90,598.00,605.15,610.585672186359809149,28504,1193,17404134.00,19138,67.14,25.90,-11.75
13-September-2022,600.05,626.90,600.05,626.90,622.782877008207681072,48613,1147,30275344.00,32926,67.73,26.85,26.85
12-September-2022,623.00,629.95,590.00,597.05,604.403229238079478026,42301,2057,25566861.00,23903,56.51,39.95,-25.95
9-September-2022,633.70,633.70,603.55,618.90,628.640268579838116261,43488,1452,27338308.00,30034,69.06,30.15,-14.80
8-September-2022,554.00,603.55,554.00,603.55,592.253784820347194186,19816,719,11736101.00,16676,84.15,49.55,49.55
7-September-2022,581.00,590.00,574.85,574.85,576.342949873782906599,16638,845,9589194.00,13736,82.56,15.15,-6.15
6-September-2022,640.35,656.00,605.10,605.10,610.417802398413647666,31771,1158,19393584.00,22146,69.70,50.90,-35.25
5-September-2022,659.90,687.90,635.50,636.90,656.763729812935375303,38329,1964,25173097.00,25929,67.65,52.40,-23.00
2-September-2022,715.00,715.00,668.90,668.90,678.361381040648579827,53409,2309,36230603.00,39576,74.10,46.10,-46.10
1-September-2022,714.80,725.80,670.00,704.10,708.280658838878016960,91980,3111,65147655.00,48624,52.86,55.80,-10.70
30-August-2022,686.80,691.25,671.00,691.25,689.032690204655522574,25604,657,17641993.00,19177,74.90,20.25,4.45
29-August-2022,614.00,672.00,561.20,658.35,633.495984058236239045,49179,2047,31154699.00,23839,48.47,110.80,44.35
26-August-2022,618.00,640.00,615.95,622.05,626.401447636281384302,22105,1003,13846604.00,15521,70.21,24.05,4.05
25-August-2022,627.00,627.00,589.00,606.20,614.188051059349914462,37995,1220,23336075.00,26930,70.88,38.00,-20.80
24-August-2022,557.00,600.00,552.00,588.75,581.938911529118904703,49813,1394,28988123.00,30477,61.18,48.00,31.75
23-August-2022,530.80,569.90,514.05,553.35,548.925537719323435660,34823,1080,19115234.00,21391,61.43,55.85,22.55
22-August-2022,564.00,575.00,515.70,521.45,535.346112194065410439,41553,1462,22245237.00,28017,67.42,59.30,-42.55
19-August-2022,570.00,570.00,541.05,562.30,556.644140939915587802,21087,867,11737955.00,14833,70.34,28.95,-7.70
18-August-2022,573.00,575.00,545.00,553.80,555.854824637934042924,40117,1215,22299228.00,29506,73.55,30.00,-19.20
17-August-2022,549.70,593.10,547.00,564.30,573.523279569285641726,88597,2089,50812442.00,45631,51.50,46.10,14.60
16-August-2022,525.40,546.90,501.00,539.20,532.304486924411479141,62827,1706,33443094.00,37505,59.70,45.90,13.80
12-August-2022,509.80,529.70,477.00,517.85,510.979109331998999249,55958,1448,28593369.00,33523,59.91,52.70,8.05
11-August-2022,545.00,548.00,500.00,500.80,516.152697941776376784,53930,1684,27836115.00,33378,61.89,48.00,-44.20
10-August-2022,499.00,540.00,498.00,528.00,523.996907406005687777,92479,2239,48458710.00,53984,58.37,42.00,29.00
8-August-2022,468.45,527.90,435.45,485.45,485.895485805735376807,138718,3722,67402450.00,69587,50.16,92.45,17.00
5-August-2022,390.00,448.80,380.10,448.80,429.359745452868595972,151799,2060,65176380.00,87714,57.78,68.70,58.80
4-August-2022,388.80,388.80,366.00,374.00,375.373079145002888503,8655,290,3248854.00,7524,86.93,22.80,-14.80
3-August-2022,393.00,393.00,360.00,376.30,375.600571151462902096,18559,528,6970771.00,10854,58.48,33.00,-16.70
2-August-2022,388.00,398.00,380.10,385.95,389.327064275397207510,66464,1187,25876234.00,42118,63.37,17.90,-2.05
1-August-2022,368.10,368.10,368.10,368.10,368.099965865314282927,20507,92,7548626.00,20507,100.00,0.00,0.00
29-July-2022,357.50,357.50,325.00,334.65,340.879741215273373081,15766,432,5374310.00,11033,69.98,32.50,-22.85
28-July-2022,354.00,372.80,337.00,343.05,350.450048918360691379,9199,388,3223790.00,6933,75.37,35.80,-10.95
27-July-2022,364.00,366.15,351.25,357.00,356.453686519318373544,5927,210,2112701.00,4265,71.96,14.90,-7.00
26-July-2022,384.00,384.60,364.00,364.90,370.237505413598960588,11545,330,4274392.00,7537,65.28,20.60,-19.10
25-July-2022,412.00,412.00,376.55,382.15,383.848346409772569272,10069,329,3864969.00,6341,62.98,35.45,-29.85
22-July-2022,392.00,409.50,385.00,389.05,391.712940394416131176,9026,296,3535601.00,7055,78.16,24.50,-2.95
21-July-2022,424.30,424.30,385.00,398.45,401.115382500137491063,18183,517,7293481.00,10954,60.24,39.30,-25.85
20-July-2022,400.00,428.00,385.50,398.95,408.147704674384040526,47771,1179,19497624.00,21071,44.11,42.50,-1.05
19-July-2022,362.90,390.05,361.70,390.05,385.902579573573777160,29501,432,11384512.00,20856,70.70,28.35,27.15
18-July-2022,346.95,360.00,338.00,354.60,351.937422644685380464,20199,434,7108784.00,14608,72.32,22.00,7.65
15-July-2022,337.35,339.80,326.20,337.65,334.154881714808521761,7651,245,2556619.00,5675,74.17,13.60,0.30
14-July-2022,323.35,338.65,318.00,330.70,331.897669337217771303,2746,138,911391.00,2205,80.30,20.65,7.35
13-July-2022,337.95,345.00,325.50,330.95,335.624745722149096565,8357,241,2804816.00,3929,47.01,19.50,-7.00
12-July-2022,323.80,333.95,318.00,324.90,325.796421398575862698,10954,217,3568774.00,8497,77.57,15.95,1.10
11-July-2022,322.00,329.50,314.00,321.55,320.340029142381348875,9608,189,3077827.00,7088,73.77,15.50,-0.45
8-July-2022,303.05,322.00,303.05,315.65,313.047478394048791160,9141,154,2861567.00,4866,53.23,18.95,12.60
7-July-2022,319.75,319.75,303.00,307.50,309.363751184085885696,6334,156,1959510.00,3860,60.94,16.75,-12.25
6-July-2022,312.00,317.00,304.10,309.35,310.166666666666666666,2472,86,766732.00,1775,71.80,12.90,-2.65
5-July-2022,303.55,322.00,303.00,308.80,311.593346098611775969,4178,148,1301837.00,3127,74.84,19.00,5.25
4-July-2022,317.80,322.50,278.85,309.10,306.594948335246842709,4355,131,1335221.00,2857,65.60,43.65,-8.70
1-July-2022,320.60,323.00,309.00,309.80,312.608416130917592051,5133,137,1604619.00,3691,71.91,14.00,-10.80
30-June-2022,309.00,328.00,305.65,320.60,317.536783042394014962,4812,171,1527987.00,3460,71.90,22.35,11.60
29-June-2022,314.00,314.00,293.00,303.80,303.423586744639376218,5130,188,1556563.00,4273,83.29,21.00,-10.20
28-June-2022,301.50,325.05,301.50,309.05,312.762319812269527321,5966,167,1865940.00,3727,62.47,23.55,7.55
27-June-2022,319.70,319.70,305.05,307.65,308.861459227467811158,5825,156,1799118.00,3466,59.50,14.65,-12.05
24-June-2022,340.00,340.00,308.05,314.00,324.513134003147318726,8261,254,2680803.00,5554,67.23,31.95,-26.00
23-June-2022,333.00,350.00,323.00,331.15,337.203790783476814005,13823,364,4661168.00,6738,48.74,27.00,-1.85
22-June-2022,319.00,325.75,300.00,320.20,317.770807079064160867,18251,353,5799635.00,8160,44.71,25.75,1.20
21-June-2022,275.00,296.15,271.25,296.15,293.790352504638218923,3773,135,1108471.00,2961,78.48,24.90,21.15
20-June-2022,299.65,299.65,263.75,269.25,274.755284454644280710,8279,251,2274699.00,5339,64.49,35.90,-30.40
17-June-2022,315.00,319.00,290.00,293.05,299.125137332454405625,9102,269,2722637.00,5440,59.77,29.00,-21.95
16-June-2022,350.00,350.00,303.50,318.85,316.165202342917997870,7512,307,2375033.00,3960,52.72,46.50,-31.15
15-June-2022,319.00,339.00,309.00,336.90,327.428621908127208480,5660,146,1853246.00,4001,70.69,30.00,17.90
14-June-2022,320.00,329.00,309.00,314.85,314.886652542372881355,2832,127,891759.00,2197,77.58,20.00,-5.15
13-June-2022,318.05,330.00,310.00,316.50,320.316312870529737999,5229,167,1674934.00,3880,74.20,20.00,-1.55
10-June-2022,330.00,356.00,322.55,333.90,337.773312401883830455,3185,154,1075808.00,2085,65.46,33.45,3.90
9-June-2022,320.00,335.00,318.00,332.55,327.364036844213055666,2497,91,817428.00,1705,68.28,17.00,12.55
8-June-2022,325.25,334.00,317.00,321.30,323.970824215900802334,1371,97,444164.00,1099,80.16,17.00,-3.95
7-June-2022,334.00,343.75,323.20,332.00,328.169276659209545115,1341,79,440075.00,940,70.10,20.55,-2.00
6-June-2022,347.75,347.75,325.00,334.90,335.669519152404237978,2454,84,823733.00,2020,82.31,22.75,-12.85
3-June-2022,353.90,353.90,330.20,333.30,337.082493702770780856,3176,114,1070574.00,1977,62.25,23.70,-20.60
2-June-2022,339.05,351.85,334.25,338.20,340.531412639405204460,5380,202,1832059.00,3176,59.03,17.60,-0.85
1-June-2022,357.95,358.00,340.10,344.95,347.291418451135082917,6211,181,2157027.00,3889,62.61,17.90,-13.00
31-May-2022,345.00,358.95,331.05,351.75,350.024939085566862548,6977,207,2442124.00,3695,52.96,27.90,6.75
30-May-2022,347.00,348.00,331.10,344.85,342.606601886253215204,6998,157,2397561.00,5354,76.51,16.90,-2.15
27-May-2022,323.20,344.75,323.20,332.25,338.654522743832622046,9607,187,3253454.00,7881,82.03,21.55,9.05
26-May-2022,335.95,337.00,305.05,328.35,322.221759452080151788,21609,337,6962890.00,12712,58.83,31.95,-7.60
25-May-2022,307.10,334.95,307.10,321.10,321.811276092102431676,9294,211,2990914.00,5708,61.42,27.85,14.00
24-May-2022,342.05,342.05,319.00,320.55,325.471030517470145953,4522,138,1471780.00,3606,79.74,23.05,-21.50
23-May-2022,327.00,338.95,327.00,335.45,335.528067560854446100,10065,168,3377090.00,5662,56.25,11.95,8.45
20-May-2022,327.40,339.95,322.00,325.10,329.022406066873491899,2901,106,954494.00,2014,69.42,17.95,-2.30
19-May-2022,322.15,335.00,322.15,327.15,329.818827045199850579,2677,103,882925.00,1713,63.99,12.85,5.00
18-May-2022,334.20,340.00,327.55,336.65,334.415799831318526848,3557,114,1189517.00,2565,72.11,12.45,2.45
17-May-2022,333.00,340.00,323.50,336.35,331.778737259343148357,7064,142,2343685.00,4158,58.86,16.50,3.35
16-May-2022,330.00,345.60,330.00,332.60,335.605545617173524150,7826,202,2626449.00,4633,59.20,15.60,2.60
13-May-2022,307.50,329.40,307.50,329.40,323.776639344262295081,5368,137,1738033.00,3459,64.44,21.90,21.90
12-May-2022,318.15,329.95,313.65,313.75,315.293408494725679522,17917,229,5649112.00,16020,89.41,16.30,-4.40
11-May-2022,336.00,344.00,319.80,330.15,325.142013039934800325,14724,250,4787391.00,10217,69.39,24.20,-5.85
10-May-2022,345.65,345.85,325.00,336.60,340.718172436438690308,10659,313,3631715.00,6437,60.39,20.85,-9.05
9-May-2022,317.00,338.95,312.30,329.40,327.267608870504423761,8703,231,2848210.00,6050,69.52,26.65,12.40
6-May-2022,317.05,329.90,315.50,325.00,320.629316896056742379,11843,294,3797213.00,8517,71.92,14.40,7.95
5-May-2022,354.95,354.95,326.00,331.90,338.882316583225168428,16179,369,5482777.00,11619,71.82,28.95,-23.05
4-May-2022,348.30,363.90,332.00,338.90,346.187609585037989479,11977,456,4146289.00,8791,73.40,31.90,-9.40
2-May-2022,350.50,359.90,347.95,348.30,351.525893435677615511,20063,539,7052664.00,10996,54.81,11.95,-2.20
29-April-2022,402.50,404.35,365.85,366.25,392.413914894646442654,41337,851,16221214.00,24550,59.39,38.50,-36.25
28-April-2022,380.00,385.10,380.00,385.10,384.671555614547385187,15068,160,5796231.00,13044,86.57,5.10,5.10
27-April-2022,363.85,366.80,355.00,366.80,365.200840857398855882,43527,707,15896097.00,31512,72.40,11.80,2.95
26-April-2022,330.05,349.40,330.05,349.35,348.116312191416635017,21064,370,7332722.00,16393,77.82,19.35,19.30
25-April-2022,340.30,350.00,330.00,332.80,337.515160939200746384,6431,135,2170560.00,5749,89.40,20.00,-7.50
22-April-2022,326.00,340.40,311.05,340.30,336.848389630793401413,11457,176,3859272.00,8427,73.55,29.35,14.30
21-April-2022,329.95,330.00,319.10,324.20,324.966332378223495702,1396,91,453653.00,1156,82.81,10.90,-5.75
20-April-2022,321.70,331.00,319.00,321.40,323.352658502557742985,6451,146,2085948.00,6171,95.66,12.00,-0.30
19-April-2022,329.00,339.75,311.20,315.35,329.685382381413359148,8264,223,2724520.00,6652,80.49,28.55,-13.65
18-April-2022,330.00,342.00,326.50,327.40,329.587313573720974136,5297,194,1745824.00,4107,77.53,15.50,-2.60
13-April-2022,357.45,360.00,342.00,343.65,350.447490510333192745,7113,185,2492733.00,6012,84.52,18.00,-13.80
12-April-2022,357.00,358.00,343.30,350.70,354.072985197368421052,9728,224,3444422.00,8977,92.28,14.70,-6.30
11-April-2022,351.00,359.80,335.00,355.35,352.393120393120393120,21164,312,7458048.00,14805,69.95,24.80,4.35
8-April-2022,360.00,365.00,341.05,346.75,349.287601753287413901,15970,344,5578123.00,10760,67.38,23.95,-13.25
7-April-2022,325.50,358.40,325.50,353.60,350.566584516019376221,35301,544,12375351.00,27661,78.36,32.90,28.10
6-April-2022,363.00,370.95,335.65,341.35,352.566040212084623864,38098,756,13432061.00,25386,66.63,35.30,-21.65
5-April-2022,353.30,353.30,353.30,353.30,353.299867681111478663,6046,114,2136051.00,6041,99.92,0.00,0.00
4-April-2022,336.50,336.50,326.95,336.50,336.363723793037122523,10398,115,3497510.00,10398,100.00,9.55,0.00
1-April-2022,295.25,320.50,295.25,320.50,314.297984820727558230,19105,260,6004663.00,15624,81.78,25.25,25.25
31-March-2022,330.00,330.00,301.85,305.25,310.805779280664002459,65060,775,20221024.00,44726,68.75,28.15,-24.75
30-March-2022,317.70,317.70,317.70,317.70,317.700000000000000000,13820,131,4390614.00,13820,100.00,0.00,0.00
29-March-2022,302.60,302.60,302.60,302.60,302.599941469124963418,6834,68,2067968.00,6834,100.00,0.00,0.00
28-March-2022,288.20,288.20,277.00,288.20,287.786991022763706316,24952,247,7180861.00,21250,85.16,11.20,0.00
25-March-2022,268.80,274.50,267.95,274.50,273.821600414538455844,13509,182,3699056.00,12246,90.65,6.55,5.70
24-March-2022,250.95,261.45,243.00,261.45,254.041243311489208200,16633,207,4225468.00,15445,92.86,18.45,10.50
23-March-2022,241.10,254.00,241.10,249.00,249.948027763670221770,5907,114,1476443.00,4288,72.59,12.90,7.90
22-March-2022,258.90,258.90,240.00,246.20,246.374187652315190901,9848,173,2426293.00,6991,70.99,18.90,-12.70
21-March-2022,255.00,255.00,245.10,251.50,250.403566400750821210,4262,81,1067220.00,3483,81.72,9.90,-3.50
17-March-2022,251.00,259.90,245.00,250.30,251.840045208494438165,16811,214,4233683.00,12847,76.42,14.90,-0.70
16-March-2022,250.05,256.00,247.50,249.50,250.368015133876600698,6872,104,1720529.00,5561,80.92,8.50,-0.55
15-March-2022,252.25,252.25,245.00,249.05,249.088923405494612173,10301,98,2565865.00,8721,84.66,7.25,-3.20
14-March-2022,260.00,264.25,247.10,252.25,252.271089057195090101,3829,117,965946.00,2879,75.19,17.15,-7.75
11-March-2022,257.60,265.90,252.00,257.35,258.783794017417644831,7923,153,2050344.00,5537,69.89,13.90,-0.25
10-March-2022,251.00,257.60,242.55,257.60,254.797706275884039503,15695,324,3999050.00,11040,70.34,15.05,6.60
9-March-2022,254.80,254.80,239.00,245.35,243.910573122529644268,6072,167,1481025.00,4005,65.96,15.80,-9.45
8-March-2022,251.40,251.40,237.00,245.40,241.447575360419397116,6104,137,1473796.00,4090,67.01,14.40,-6.00
7-March-2022,244.50,253.25,233.00,244.05,241.649983204568357406,8931,199,2158176.00,5910,66.17,20.25,-0.45
4-March-2022,256.75,256.75,234.05,244.55,239.071994588326246617,10348,185,2473917.00,7514,72.61,22.70,-12.20
3-March-2022,237.50,249.35,234.50,245.30,247.529690751584958621,20663,232,5114706.00,13227,64.01,14.85,7.80
2-March-2022,241.75,243.25,235.00,237.50,239.304416961130742049,11320,242,2708926.00,8476,74.88,8.25,-4.25
28-February-2022,214.15,231.80,210.15,231.80,225.125917159763313609,12675,217,2853471.00,9366,73.89,21.65,17.65
25-February-2022,215.05,229.90,212.45,220.80,219.794737628943040813,33445,577,7351035.00,18654,55.78,17.45,5.75
24-February-2022,223.70,231.95,223.60,223.60,223.708247547535424488,8257,179,1847159.00,8115,98.28,8.35,-0.10
23-February-2022,250.00,254.90,234.95,235.35,238.420730100158144438,15176,283,3618273.00,12299,81.04,19.95,-14.65
22-February-2022,231.25,254.85,231.25,247.30,235.858770495863674642,20187,305,4761281.00,8203,40.64,23.60,16.05
21-February-2022,241.55,252.95,240.10,243.40,242.859388242545650666,12979,242,3152072.00,8569,66.02,12.85,1.85
18-February-2022,254.00,267.00,250.00,251.80,255.667492169859421662,13729,304,3510059.00,8544,62.23,17.00,-2.20
17-February-2022,278.95,280.70,256.60,262.25,270.451009407039425007,28383,478,7676211.00,16811,59.23,24.10,-16.70
16-February-2022,262.40,267.45,262.05,267.35,266.130321061923755966,15293,261,4069931.00,12094,79.08,5.40,4.95
15-February-2022,238.60,255.05,231.00,254.75,246.332475274353068689,22143,438,5454540.00,16087,72.65,24.05,16.15
14-February-2022,244.05,257.40,242.95,242.95,244.722423949003469700,12393,334,3032845.00,8812,71.10,14.45,-1.10
11-February-2022,256.15,266.00,253.55,255.70,258.841547452896022330,22928,300,5934719.00,14936,65.14,12.45,-0.45
10-February-2022,250.95,263.95,240.20,256.15,255.935954040108516410,18799,497,4811340.00,10905,58.01,23.75,5.20
9-February-2022,269.40,275.40,250.90,252.15,252.858364388177038133,39178,584,9906485.00,29725,75.87,24.50,-17.25
8-February-2022,283.50,283.50,264.10,264.10,265.959172489382107137,14598,372,3882472.00,9119,62.47,19.40,-19.40
7-February-2022,293.70,297.00,277.95,277.95,282.661110390452717602,15418,463,4358069.00,12074,78.31,19.05,-15.75
4-February-2022,289.80,297.05,282.95,292.55,294.865067117991604028,60267,977,17770633.00,34002,56.42,14.10,2.75
3-February-2022,280.05,291.95,265.20,282.95,281.184630471605598644,67302,1156,18924288.00,46177,68.61,26.75,2.90
2-February-2022,253.35,279.95,253.35,278.05,266.890594849725827722,72035,866,19225464.00,35424,49.18,26.60,24.70
1-February-2022,266.65,266.65,266.65,266.65,266.649916099973505254,11323,247,3019277.00,10324,91.18,0.00,0.00
31-January-2022,305.95,310.15,280.65,280.65,296.561617661617661617,101010,1324,29955689.00,70870,70.16,29.50,-25.30
28-January-2022,271.10,295.40,271.10,295.40,287.529487375669472073,65350,704,18790052.00,42429,64.93,24.30,24.30
27-January-2022,281.35,281.35,281.35,281.35,281.349902868243629299,8751,200,2462093.00,8750,99.99,0.00,0.00
25-January-2022,296.15,296.15,296.15,296.15,296.149876475432335986,7286,240,2157748.00,7286,100.00,0.00,0.00
24-January-2022,311.70,311.70,311.70,311.70,311.699941164934300843,10198,230,3178716.00,10198,100.00,0.00,0.00
21-January-2022,362.60,362.60,328.10,328.10,337.204358903663644909,301039,2572,101511663.00,178523,59.30,34.50,-34.50
20-January-2022,345.35,345.35,345.35,345.35,345.349937493989806712,10399,59,3591294.00,10246,98.53,0.00,0.00
19-January-2022,328.95,328.95,328.95,328.95,328.949967145405050220,10653,73,3504304.00,10653,100.00,0.00,0.00
18-January-2022,313.30,313.30,313.30,313.30,313.299942759015455065,8735,87,2736675.00,8735,100.00,0.00,0.00
17-January-2022,298.40,298.40,298.40,298.40,298.399962391876645355,10636,48,3173782.00,10636,100.00,0.00,0.00
14-January-2022,284.20,284.20,284.20,284.20,284.199976528576458162,17042,168,4843336.00,16041,94.13,0.00,0.00
13-January-2022,269.50,270.70,245.10,270.70,266.468220956418068618,150980,1966,40231372.00,115375,76.42,25.60,1.20
12-January-2022,257.85,257.85,257.85,257.85,257.849979903536977491,39808,133,10264492.00,39805,99.99,0.00,0.00
11-January-2022,245.60,245.60,245.60,245.60,245.600000000000000000,12680,29,3114208.00,12680,100.00,0.00,0.00
10-January-2022,233.95,233.95,233.95,233.95,233.949953660797034291,5395,29,1262160.00,5395,100.00,0.00,0.00
7-January-2022,222.85,222.85,222.85,222.85,222.849759615384615384,3328,18,741644.00,3328,100.00,0.00,0.00
6-January-2022,212.25,212.25,212.25,212.25,212.249957919542164618,5941,16,1260977.00,5941,100.00,0.00,0.00
5-January-2022,202.15,202.15,202.15,202.15,202.149995167681453561,10347,29,2091646.00,10347,100.00,0.00,0.00
4-January-2022,192.55,192.55,192.55,192.55,192.549878345498783454,7398,41,1424484.00,7398,100.00,0.00,0.00
3-January-2022,183.35,183.40,172.05,183.40,182.250138014795186043,18114,113,3301279.00,11262,62.17,11.35,0.05
31-December-2021,180.00,182.00,173.25,174.70,177.669328712423717320,13273,108,2358205.00,10218,76.98,8.75,-5.30
30-December-2021,177.50,181.90,172.10,177.05,175.839099547928775717,10839,114,1905920.00,8441,77.88,9.80,-0.45
29-December-2021,184.35,186.00,175.00,177.10,178.466942904149655718,16411,160,2928821.00,10110,61.60,11.00,-7.25
28-December-2021,185.50,189.50,177.05,180.70,184.307946916471506635,32025,255,5902462.00,18799,58.70,12.45,-4.80
27-December-2021,171.75,184.80,169.10,180.60,179.650297274341749671,12951,163,2326651.00,8956,69.15,15.70,8.85
24-December-2021,180.00,182.80,172.00,177.60,176.414083636082553915,12937,107,2282269.00,5582,43.15,10.80,-2.40
23-December-2021,178.00,182.60,172.10,177.05,177.670994667284952469,12939,115,2298885.00,8374,64.72,10.50,-0.95
22-December-2021,170.10,175.00,167.00,174.05,170.319617130451943951,10134,104,1726019.00,8884,87.67,8.00,3.95
21-December-2021,169.40,172.90,160.10,169.45,168.946469352333972777,10947,82,1849457.00,7800,71.25,12.80,0.05
20-December-2021,175.85,175.85,163.80,164.80,165.080984277607219276,21498,212,3548911.00,13199,61.40,12.05,-11.05
17-December-2021,173.95,176.90,165.10,172.40,171.195347023654795944,23082,169,3951531.00,18015,78.05,11.80,-1.55
16-December-2021,169.70,171.00,165.00,170.25,169.205119680851063829,45120,286,7634535.00,32367,71.74,6.00,0.55
15-December-2021,165.90,167.70,158.00,162.90,162.917991022685915322,16486,113,2685866.00,14959,90.74,9.70,-3.00
14-December-2021,160.00,166.00,157.00,161.15,161.308181163411430750,23603,163,3807357.00,10755,45.57,9.00,1.15
13-December-2021,170.00,170.00,156.30,160.85,161.619074361600211423,30271,261,4892371.00,20806,68.73,13.70,-9.15
10-December-2021,153.00,165.00,145.30,164.50,159.068977095575008993,83390,427,13264762.00,42412,50.86,19.70,11.50
9-December-2021,138.15,150.85,138.15,150.00,147.894007921298070780,78270,339,11575664.00,46904,59.93,12.70,11.85
8-December-2021,142.55,142.55,131.50,137.15,135.304491899852724594,24444,122,3307383.00,12778,52.27,11.05,-5.40
7-December-2021,126.00,137.00,126.00,135.85,134.085884005384210218,34174,185,4582251.00,28968,84.77,11.00,9.85
6-December-2021,132.10,132.90,124.70,124.90,128.147370461299909549,15478,148,1983465.00,12874,83.18,8.20,-7.20
3-December-2021,129.60,132.00,127.20,131.25,130.546585648148148148,10368,57,1353507.00,6287,60.64,4.80,1.65
2-December-2021,129.95,132.30,129.00,129.60,130.134831460674157303,2670,37,347460.00,2165,81.09,3.30,-0.35
1-December-2021,125.05,133.00,125.05,127.80,131.074042955416688546,19043,105,2496043.00,11028,57.91,7.95,2.75
30-November-2021,130.50,135.80,126.10,126.70,131.646953163590641699,22269,152,2931646.00,14272,64.09,9.70,-3.80
29-November-2021,122.10,130.75,120.15,130.25,128.076315623223197927,15829,110,2027320.00,14125,89.23,10.60,8.15
26-November-2021,122.00,127.95,119.60,124.55,124.593187983522556013,9953,99,1240076.00,7305,73.39,8.35,2.55
25-November-2021,126.00,126.95,120.25,122.60,122.600908903119190249,9682,137,1187022.00,5384,55.61,6.70,-3.40
24-November-2021,122.00,128.70,122.00,125.80,127.298080787781350482,19904,92,2533741.00,13418,67.41,6.70,3.80
23-November-2021,123.00,125.85,119.45,122.60,123.196745948771562990,15304,102,1885403.00,9100,59.46,6.40,-0.40
22-November-2021,123.00,127.00,117.00,120.95,121.091005392912172573,10384,114,1257409.00,6978,67.20,10.00,-2.05
18-November-2021,123.00,130.05,121.35,122.20,124.650999375390381011,6404,94,798265.00,3789,59.17,8.70,-0.80
17-November-2021,129.40,129.45,123.55,123.90,125.226039783001808318,3318,62,415500.00,1939,58.44,5.90,-5.50
16-November-2021,134.85,134.85,125.00,125.95,128.543044153538939427,9014,114,1158687.00,7957,88.27,9.85,-8.90
15-November-2021,137.85,137.85,126.60,130.05,132.630095169689351768,11138,96,1477234.00,9384,84.25,11.25,-7.80
12-November-2021,134.25,142.00,130.00,131.85,136.440352623347078060,7033,82,959585.00,3963,56.35,12.00,-2.40
11-November-2021,141.50,141.50,133.10,136.70,137.472730430754979157,17272,96,2374429.00,14832,85.87,8.40,-4.80
10-November-2021,127.30,140.00,127.30,136.75,136.121878601613522858,10412,122,1417301.00,6956,66.81,12.70,9.45
9-November-2021,127.10,135.00,127.10,133.50,130.896531538123810917,6833,106,894416.00,3877,56.74,7.90,6.40
8-November-2021,135.00,136.00,127.75,132.85,132.857659363835923040,23233,156,3086682.00,18500,79.63,8.25,-2.15
4-November-2021,139.95,139.95,130.00,132.55,134.008649468892261001,13180,87,1766234.00,12334,93.58,9.95,-7.40
3-November-2021,132.40,134.40,128.10,134.40,132.942841176705384584,25053,153,3330617.00,20386,81.37,6.30,2.00
2-November-2021,125.00,128.00,125.00,128.00,127.633916826874430840,29649,163,3784218.00,24049,81.11,3.00,3.00
1-November-2021,118.00,121.95,116.30,121.95,120.168393158275114430,12453,91,1496457.00,6533,52.46,5.65,3.95
29-October-2021,117.00,119.50,113.10,116.15,116.255124493341053850,8635,98,1003863.00,4870,56.40,6.40,-0.85
28-October-2021,120.00,121.00,115.70,116.00,117.364369588423674534,25293,195,2968497.00,15702,62.08,5.30,-4.00
27-October-2021,119.75,126.20,115.20,121.70,119.752571389903911219,29556,282,3539407.00,18801,63.61,11.00,1.95
26-October-2021,121.60,128.50,121.25,121.25,121.838610457752849647,38689,226,4713814.00,27865,72.02,7.25,-0.35
25-October-2021,139.85,139.85,127.60,127.60,132.926386364415789293,58318,309,7752001.00,48615,83.36,12.25,-12.25
22-October-2021,133.00,134.40,130.35,134.30,134.144541024627946793,60744,262,8148476.00,48244,79.42,4.05,1.30
21-October-2021,128.00,128.00,121.10,128.00,127.734068917957890653,92806,253,11854488.00,78466,84.55,6.90,0.00
20-October-2021,125.85,129.50,117.20,121.95,121.825142484937306627,30705,206,3740641.00,23842,77.65,12.30,-3.90
19-October-2021,127.50,133.95,122.00,123.35,128.672487662020716958,18439,139,2372592.00,13390,72.62,11.95,-4.15
18-October-2021,125.00,129.90,120.20,128.05,126.599983068066373179,23624,178,2990798.00,18020,76.28,9.70,3.05
14-October-2021,125.75,125.75,114.00,124.00,123.556957228792017304,63337,346,7825727.00,48566,76.68,11.75,-1.75
13-October-2021,110.60,119.80,110.60,119.80,118.283334182503693891,19627,85,2321547.00,16102,82.04,9.20,9.20
12-October-2021,108.80,114.10,108.80,114.10,113.198641809543482751,38728,185,4383957.00,29501,76.17,5.30,5.30
11-October-2021,102.50,103.75,97.00,103.75,101.308216994963982915,31374,192,3178444.00,24404,77.78,6.75,1.25
8-October-2021,89.40,96.80,88.00,94.35,89.876443734876643300,40087,108,3602877.00,30188,75.31,8.80,4.95
7-October-2021,87.00,90.00,86.00,89.55,88.909998308238876670,5911,31,525547.00,5099,86.26,4.00,2.55
6-October-2021,88.00,88.00,87.25,87.25,87.985540334855403348,1314,12,115613.00,1314,100.00,0.75,-0.75
5-October-2021,88.35,90.95,88.35,89.35,89.317572335920959774,4251,23,379689.00,3602,84.73,2.60,1.00
4-October-2021,90.00,90.00,89.00,89.10,89.485056344928956393,2041,14,182639.00,2041,100.00,1.00,-0.90
1-October-2021,84.00,91.80,84.00,89.30,89.598118279569892473,3720,30,333305.00,3009,80.89,7.80,5.30
30-September-2021,89.85,89.95,87.50,87.90,87.964092140921409214,1476,23,129835.00,1306,88.48,2.45,-1.95
29-September-2021,86.15,91.95,86.15,88.55,88.623820754716981132,848,20,75153.00,653,77.00,5.80,2.40
28-September-2021,89.95,90.00,88.25,88.90,89.391483299034351749,6317,20,564686.00,5513,87.27,1.75,-1.05
27-September-2021,86.00,92.20,86.00,88.00,88.655007019185774450,8548,32,757823.00,7414,86.73,6.20,2.00
24-September-2021,89.00,91.85,88.00,88.00,89.929906542056074766,1926,25,173205.00,1472,76.43,3.85,-1.00
23-September-2021,91.00,91.00,86.25,89.05,89.602107375815353738,3986,34,357154.00,3127,78.45,4.75,-1.95
22-September-2021,93.85,93.90,87.00,90.35,90.948857095872389409,6081,41,553060.00,4783,78.65,6.90,-3.50
21-September-2021,87.50,92.00,87.50,90.30,90.120886981402002861,6990,30,629945.00,5943,85.02,4.50,2.80
20-September-2021,93.85,93.85,91.00,91.75,91.362031091584994930,11836,41,1081361.00,10467,88.43,2.85,-2.10
17-September-2021,92.90,92.95,89.00,90.50,90.841855004402700322,17035,49,1547491.00,16324,95.83,3.95,-2.40
16-September-2021,93.75,93.80,91.00,91.50,91.325589943394839373,13603,53,1242302.00,12712,93.45,2.80,-2.25
15-September-2021,90.35,92.65,89.55,90.85,90.879971557241052382,21095,80,1917113.00,18499,87.69,3.10,0.50
14-September-2021,96.50,96.50,89.25,90.35,91.149915215045475566,12974,85,1182579.00,10134,78.11,7.25,-6.15
13-September-2021,88.10,92.50,88.10,92.20,92.084884170713886620,23267,107,2142539.00,18491,79.47,4.40,4.10
9-September-2021,90.00,92.00,85.85,88.10,88.622993267736923873,3862,36,342262.00,2443,63.26,6.15,-1.90
8-September-2021,93.30,93.30,88.50,88.50,90.844106463878326996,1052,20,95568.00,611,58.08,4.80,-4.80
7-September-2021,95.00,95.00,87.85,88.90,90.887276067983463481,10885,74,989308.00,8642,79.39,7.15,-6.10
6-September-2021,90.10,92.45,87.50,91.95,90.944943997475942577,12678,45,1153000.00,11841,93.40,4.95,1.85
3-September-2021,93.00,93.00,90.00,90.60,90.940729001584786053,3155,32,286918.00,3055,96.83,3.00,-2.40
2-September-2021,90.00,93.60,90.00,90.00,91.104335215997557624,13102,66,1193649.00,9373,71.54,3.60,0.00
1-September-2021,90.00,91.35,86.50,89.15,88.549301735082522217,2363,38,209242.00,1549,65.55,4.85,-0.85
31-August-2021,90.80,93.90,86.30,89.50,89.586058301647655259,7890,96,706834.00,2935,37.20,7.60,-1.30
30-August-2021,94.05,96.00,90.75,90.80,91.898693350975851802,12092,95,1111239.00,9332,77.17,5.25,-3.25
27-August-2021,94.15,97.45,94.15,95.50,95.993756885787734116,5446,24,522782.00,4896,89.90,3.30,1.35
26-August-2021,99.60,99.60,91.20,96.05,96.457939867578421795,9213,36,888667.00,8107,88.00,8.40,-3.55
25-August-2021,92.00,95.05,92.00,95.05,95.003262884686688913,13485,36,1281119.00,13384,99.25,3.05,3.05
24-August-2021,91.00,94.30,86.50,90.55,88.929377771804864937,14882,86,1323447.00,11695,78.58,7.80,-0.45
23-August-2021,95.05,95.10,91.05,91.05,92.788985297662087249,8298,60,769963.00,6592,79.44,4.05,-4.00
20-August-2021,95.15,99.90,95.15,95.80,96.136530651711467801,5171,35,497122.00,2910,56.28,4.75,0.65
18-August-2021,99.10,101.50,97.85,100.00,99.514175257731958762,3880,34,386115.00,3002,77.37,3.65,0.90
17-August-2021,103.55,103.55,96.30,102.15,99.770841756286892536,12367,93,1233866.00,7283,58.89,7.25,-1.40
16-August-2021,103.85,105.35,98.00,98.65,100.708515119602828343,26588,110,2677638.00,18300,68.83,7.35,-5.20
13-August-2021,101.00,105.00,97.15,102.75,102.690433127082341742,10505,55,1078763.00,9560,91.00,7.85,1.75
12-August-2021,100.00,102.00,95.05,100.35,99.324488667772249861,10854,82,1078068.00,7266,66.94,6.95,0.35
11-August-2021,95.15,101.00,94.80,98.10,96.251936053620759929,22081,120,2125339.00,14111,63.91,6.20,2.95
10-August-2021,108.75,108.75,99.75,99.75,102.431427081522683817,28765,159,2946440.00,20594,71.59,9.00,-9.00
9-August-2021,105.40,105.40,100.70,104.95,105.092223337955657565,62739,280,6593381.00,42271,67.38,4.70,-0.45
6-August-2021,100.70,100.70,94.05,100.40,99.321120815991558708,68236,372,6777276.00,50140,73.48,6.65,-0.30
5-August-2021,95.95,95.95,92.95,95.95,95.803353329426641581,259384,409,24849857.00,208451,80.36,3.00,0.00
4-August-2021,91.40,91.40,91.40,91.40,91.399994256257089932,69641,47,6365187.00,51639,74.15,0.00,0.00
3-August-2021,87.05,87.05,87.05,87.05,87.049921073401736385,10136,5,882338.00,10136,100.00,0.00,0.00
2-August-2021,82.95,82.95,82.95,82.95,82.949993539216953094,15478,14,1283900.00,15478,100.00,0.00,0.00
30-July-2021,79.70,81.20,75.00,79.00,79.034188034188034188,6903,32,545573.00,5756,83.38,6.20,-0.70
29-July-2021,77.25,79.00,75.50,77.35,77.715205327413984461,4505,29,350107.00,4138,91.85,3.50,0.10
28-July-2021,75.40,79.00,75.40,77.85,77.407029478458049886,2646,30,204819.00,2125,80.31,3.60,2.45
27-July-2021,76.90,79.85,72.50,77.90,77.503407036573494646,7191,87,557327.00,5695,79.20,7.35,1.00
26-July-2021,72.35,76.95,72.30,76.10,74.609009009009009009,1110,13,82816.00,882,79.46,4.65,3.75
23-July-2021,81.15,81.15,73.45,76.10,76.355131031104579965,8166,35,623516.00,7464,91.40,7.70,-5.05
22-July-2021,77.80,77.80,70.45,77.30,75.415494999275257283,13798,51,1040583.00,10056,72.88,7.35,-0.50
20-July-2021,74.20,81.40,74.15,74.15,75.291406625060009601,4166,42,313664.00,3562,85.50,7.25,-0.05
19-July-2021,83.80,83.80,78.05,78.05,78.303756212824900187,12273,64,961022.00,12247,99.79,5.75,-5.75
16-July-2021,88.20,90.45,82.15,82.15,83.122649955237242614,6702,39,557088.00,4618,68.90,8.30,-6.05
15-July-2021,90.95,93.90,86.45,86.45,89.456090947017104714,9588,40,857705.00,6178,64.43,7.45,-4.50
14-July-2021,94.50,95.95,90.65,90.95,91.877909651301867697,10869,65,998621.00,8053,74.09,5.30,-3.55
13-July-2021,96.00,98.20,90.00,95.40,95.222368668800602523,21244,115,2022904.00,15897,74.83,8.20,-0.60
12-July-2021,93.65,93.75,92.80,93.60,93.519668626402993051,18710,93,1749753.00,15237,81.44,0.95,-0.05
9-July-2021,86.75,89.30,83.00,89.30,89.009730581022554699,17779,73,1582504.00,15329,86.22,6.30,2.55
8-July-2021,84.95,85.05,82.00,85.05,84.819573847524912906,37029,101,3140784.00,34603,93.45,3.05,0.10
7-July-2021,83.00,83.45,76.50,81.00,82.031690092372076375,72641,132,5958864.00,65243,89.82,6.95,-2.00
6-July-2021,76.00,79.55,75.80,79.50,79.230159218048810475,16267,64,1288837.00,15903,97.76,3.75,3.50
5-July-2021,75.80,75.80,72.20,75.80,75.695645987478656801,35140,71,2659945.00,34241,97.44,3.60,0.00
2-July-2021,72.20,72.20,72.20,72.20,72.200000000000000000,6260,20,451972.00,6260,100.00,0.00,0.00
1-July-2021,70.80,70.80,70.80,70.80,70.800000000000000000,1685,9,119298.00,1685,100.00,0.00,0.00
30-June-2021,69.45,69.45,69.45,69.45,69.450000000000000000,3300,9,229185.00,3300,100.00,0.00,0.00
29-June-2021,68.10,68.10,68.10,68.10,68.099900242268775830,7017,28,477857.00,6817,97.15,0.00,0.00
28-June-2021,66.80,66.80,65.00,66.80,66.770688858067498844,6489,29,433275.00,6289,96.92,1.80,0.00
25-June-2021,65.50,65.50,63.00,65.50,63.843614146398778051,8511,32,543373.00,7960,93.53,2.50,0.00
24-June-2021,64.25,64.25,64.25,64.25,64.249899879855826992,2497,6,160432.00,2497,100.00,0.00,0.00
23-June-2021,63.00,63.00,63.00,63.00,63.000000000000000000,5006,6,315378.00,5006,100.00,0.00,0.00
22-June-2021,61.80,61.80,61.80,61.80,61.800000000000000000,400,3,24720.00,400,100.00,0.00,0.00
21-June-2021,60.60,60.60,60.60,60.60,60.598997493734335839,399,3,24179.00,399,100.00,0.00,0.00
18-June-2021,59.45,59.45,57.15,59.45,59.293684305093881951,11131,34,659998.00,11089,99.62,2.30,0.00
17-June-2021,58.30,58.30,58.30,58.30,58.300000000000000000,470,4,27401.00,470,100.00,0.00,0.00
16-June-2021,57.20,57.20,57.20,57.20,57.195652173913043478,184,3,10524.00,184,100.00,0.00,0.00
15-June-2021,56.10,56.10,56.10,56.10,56.095652173913043478,115,2,6451.00,115,100.00,0.00,0.00
14-June-2021,55.00,55.00,55.00,55.00,55.000000000000000000,2050,2,112750.00,2050,100.00,0.00,0.00
11-June-2021,53.95,53.95,53.95,53.95,53.949918566775244299,2456,10,132501.00,2456,100.00,0.00,0.00
10-June-2021,52.90,52.90,52.90,52.90,52.899837398373983739,3075,6,162667.00,3075,100.00,0.00,0.00
9-June-2021,51.90,51.90,51.90,51.90,51.900000000000000000,150,2,7785.00,150,100.00,0.00,0.00
8-June-2021,50.90,50.90,50.90,50.90,50.899900891972249752,1009,2,51358.00,1009,100.00,0.00,0.00
7-June-2021,49.95,49.95,49.95,49.95,49.941176470588235294,51,3,2547.00,51,100.00,0.00,0.00
4-June-2021,49.00,49.00,49.00,49.00,49.000000000000000000,5250,5,257250.00,5249,99.98,0.00,0.00
3-June-2021,48.05,48.05,48.05,48.05,48.050000000000000000,3220,3,154721.00,3220,100.00,0.00,0.00
2-June-2021,47.15,47.15,47.15,47.15,47.150000000000000000,3100,4,146165.00,3100,100.00,0.00,0.00
1-June-2021,46.25,46.25,46.25,46.25,46.247619047619047619,210,2,9712.00,210,100.00,0.00,0.00
31-May-2021,45.35,45.35,45.35,45.35,45.350000000000000000,22600,13,1024910.00,22600,100.00,0.00,0.00
28-May-2021,44.50,44.50,44.50,44.50,44.500000000000000000,21546,14,958797.00,21546,100.00,0.00,0.00
27-May-2021,43.65,43.65,43.65,43.65,43.650000000000000000,100,1,4365.00,100,100.00,0.00,0.00
26-May-2021,42.50,42.80,42.50,42.80,42.785714285714285714,2100,3,89850.00,2100,100.00,0.30,0.30
25-May-2021,42.00,42.00,42.00,42.00,42.000000000000000000,13200,11,554400.00,13200,100.00,0.00,0.00
24-May-2021,41.20,41.20,41.20,41.20,41.200000000000000000,650,3,26780.00,650,100.00,0.00,0.00
21-May-2021,40.40,40.40,40.40,40.40,40.400000000000000000,610,2,24644.00,610,100.00,0.00,0.00
20-May-2021,39.65,39.65,39.65,39.65,39.648241206030150753,199,1,7890.00,199,100.00,0.00,0.00
19-May-2021,38.90,38.90,38.90,38.90,38.886363636363636363,44,3,1711.00,44,100.00,0.00,0.00
18-May-2021,38.15,38.15,38.15,38.15,38.148514851485148514,101,2,3853.00,101,100.00,0.00,0.00
14-May-2021,37.45,37.45,37.45,37.45,37.449549549549549549,1110,5,41569.00,1110,100.00,0.00,0.00
12-May-2021,36.75,36.75,36.75,36.75,36.750000000000000000,1084,2,39837.00,1084,100.00,0.00,0.00
11-May-2021,36.05,36.05,36.05,36.05,36.000000000000000000,10,1,360.00,10,100.00,0.00,0.00
10-May-2021,35.35,35.35,35.35,35.35,35.200000000000000000,5,1,176.00,5,100.00,0.00,0.00
6-May-2021,34.70,34.70,34.70,34.70,34.699346405228758169,612,8,21236.00,612,100.00,0.00,0.00
5-May-2021,34.05,34.05,34.05,34.05,34.045454545454545454,198,4,6741.00,198,100.00,0.00,0.00
30-April-2021,33.40,33.40,33.40,33.40,33.400000000000000000,300,3,10020.00,300,100.00,0.00,0.00
28-April-2021,34.05,34.05,34.05,34.05,34.033333333333333333,30,1,1021.00,30,100.00,0.00,0.00
19-April-2021,34.70,34.70,34.70,34.70,34.700000000000000000,300,1,10410.00,300,100.00,0.00,0.00
15-April-2021,33.40,34.70,33.40,34.70,34.505681818181818181,352,4,12146.00,352,100.00,1.30,1.30
12-April-2021,35.35,35.35,34.05,34.05,34.833333333333333333,6,2,209.00,4,66.67,1.30,-1.30
9-April-2021,34.70,34.70,34.70,34.70,34.700000000000000000,100,1,3470.00,100,100.00,0.00,0.00
8-April-2021,35.40,35.40,35.40,35.40,35.400000000000000000,5,1,177.00,5,100.00,0.00,0.00
6-April-2021,36.10,36.10,36.10,36.10,36.100000000000000000,50,1,1805.00,50,100.00,0.00,0.00
5-April-2021,38.25,38.25,36.75,36.80,37.363636363636363636,1232,6,46032.00,1232,100.00,1.50,-1.45
1-April-2021,37.50,37.50,37.50,37.50,37.000000000000000000,1,1,37.00,1,100.00,0.00,0.00
24-March-2021,36.10,36.80,36.10,36.80,36.797342192691029900,301,3,11076.00,301,100.00,0.70,0.70
23-March-2021,36.80,36.80,36.80,36.80,36.789473684210526315,19,1,699.00,19,100.00,0.00,0.00
18-March-2021,36.10,36.80,36.10,36.80,36.393566698202459791,1057,7,38468.00,1057,100.00,0.70,0.70
17-March-2021,36.10,36.10,36.10,36.10,36.100000000000000000,10,1,361.00,10,100.00,0.00,0.00
15-March-2021,35.40,35.40,34.10,35.40,34.947745901639344262,976,5,34109.00,901,92.32,1.30,0.00
12-March-2021,34.75,34.75,34.70,34.75,34.747954173486088379,2444,11,84924.00,2444,100.00,0.05,0.00
10-March-2021,34.10,34.10,34.10,34.10,34.100000000000000000,700,1,23870.00,700,100.00,0.00,0.00
9-March-2021,33.45,33.45,33.45,33.45,33.428571428571428571,21,2,702.00,21,100.00,0.00,0.00
8-March-2021,31.80,32.90,31.70,32.80,31.809448818897637795,2540,4,80796.00,2521,99.25,1.20,1.00
5-March-2021,32.30,32.50,32.30,32.30,32.317606444188722669,869,8,28084.00,869,100.00,0.20,0.00
4-March-2021,32.95,32.95,32.95,32.95,32.944099378881987577,161,2,5304.00,161,100.00,0.00,0.00
3-March-2021,33.60,33.60,33.60,33.60,33.600000000000000000,500,3,16800.00,500,100.00,0.00,0.00
2-March-2021,34.25,34.25,34.25,34.25,34.250000000000000000,500,4,17125.00,500,100.00,0.00,0.00
1-March-2021,34.90,34.90,34.90,34.90,34.893203883495145631,103,2,3594.00,103,100.00,0.00,0.00
26-February-2021,35.60,35.60,35.60,35.60,35.598965071151358344,773,6,27518.00,773,100.00,0.00,0.00
25-February-2021,36.25,36.25,36.25,36.25,36.249376558603491271,802,7,29072.00,802,100.00,0.00,0.00
23-February-2021,36.95,36.95,36.95,36.95,36.900000000000000000,10,1,369.00,10,100.00,0.00,0.00
22-February-2021,37.70,37.70,37.70,37.70,37.697478991596638655,119,3,4486.00,119,100.00,0.00,0.00
19-February-2021,38.45,38.45,38.45,38.45,38.441176470588235294,102,3,3921.00,102,100.00,0.00,0.00
16-February-2021,39.20,39.20,39.20,39.20,39.200000000000000000,100,2,3920.00,100,100.00,0.00,0.00
15-February-2021,40.75,40.80,39.95,39.95,40.691629955947136563,227,5,9237.00,227,100.00,0.85,-0.80
12-February-2021,40.75,40.75,40.75,40.75,40.747663551401869158,107,3,4360.00,107,100.00,0.00,0.00
11-February-2021,43.15,43.15,41.55,41.55,41.690909090909090909,110,2,4586.00,110,100.00,1.60,-1.60
10-February-2021,40.75,42.35,40.75,42.35,41.477313974591651542,551,6,22854.00,305,55.35,1.60,1.60
9-February-2021,41.75,41.75,41.55,41.55,41.713414634146341463,492,5,20523.00,492,100.00,0.20,-0.20
8-February-2021,41.75,41.75,40.95,41.75,41.195507912200102092,1959,24,80702.00,1659,84.69,0.80,0.00
5-February-2021,40.95,40.95,40.95,40.95,40.000000000000000000,1,1,40.00,1,100.00,0.00,0.00
3-February-2021,40.70,41.00,40.70,41.00,40.980000000000000000,50,2,2049.00,50,100.00,0.30,0.30
2-February-2021,42.30,42.30,41.50,41.50,41.500000000000000000,100,2,4150.00,100,100.00,0.80,-0.80
29-January-2021,42.30,42.30,42.30,42.30,42.299504950495049504,404,9,17089.00,404,100.00,0.00,0.00
28-January-2021,41.50,41.50,41.50,41.50,41.400000000000000000,5,1,207.00,5,100.00,0.00,0.00
27-January-2021,42.70,42.70,41.10,41.10,41.262068965517241379,1015,6,41881.00,1015,100.00,1.60,-1.60
25-January-2021,41.90,41.90,41.90,41.90,41.899742930591259640,389,5,16299.00,389,100.00,0.00,0.00
22-January-2021,41.90,41.90,41.90,41.90,41.894039735099337748,151,4,6326.00,151,100.00,0.00,0.00
21-January-2021,41.10,41.10,41.10,41.10,41.099596231493943472,743,11,30537.00,743,100.00,0.00,0.00
20-January-2021,40.20,40.70,40.20,40.30,40.302496328928046989,681,11,27446.00,681,100.00,0.50,0.10
19-January-2021,39.95,39.95,39.95,39.95,39.950000000000000000,160,3,6392.00,160,100.00,0.00,0.00
18-January-2021,39.20,39.20,39.20,39.20,39.200000000000000000,450,5,17640.00,450,100.00,0.00,0.00
15-January-2021,38.45,38.45,38.45,38.45,38.449374288964732650,879,7,33797.00,879,100.00,0.00,0.00
14-January-2021,37.00,37.70,37.00,37.70,37.075555555555555555,225,2,8342.00,225,100.00,0.70,0.70
13-January-2021,37.00,37.00,36.30,37.00,36.609302325581395348,1075,10,39355.00,1075,100.00,0.70,0.00
12-January-2021,36.20,36.30,36.20,36.30,36.285249457700650759,922,8,33455.00,922,100.00,0.10,0.10
11-January-2021,35.60,35.60,35.60,35.60,35.600000000000000000,645,3,22962.00,645,100.00,0.00,0.00
8-January-2021,34.95,34.95,34.95,34.95,34.949626865671641791,536,7,18733.00,536,100.00,0.00,0.00
7-January-2021,34.30,34.30,34.30,34.30,34.300000000000000000,240,3,8232.00,240,100.00,0.00,0.00
6-January-2021,33.65,33.65,33.65,33.65,33.648837209302325581,430,5,14469.00,430,100.00,0.00,0.00
5-January-2021,33.00,33.00,33.00,33.00,33.000000000000000000,148,3,4884.00,148,100.00,0.00,0.00
4-January-2021,32.40,32.40,32.40,32.40,32.400000000000000000,505,7,16362.00,505,100.00,0.00,0.00
1-January-2021,31.80,31.80,31.80,31.80,31.800000000000000000,185,2,5883.00,185,100.00,0.00,0.00
31-December-2020,31.20,31.20,31.20,31.20,31.200000000000000000,100,1,3120.00,100,100.00,0.00,0.00
30-December-2020,30.00,30.60,30.00,30.60,30.008858267716535433,1016,4,30489.00,1016,100.00,0.60,0.60
29-December-2020,30.60,30.60,30.00,30.00,30.000000000000000000,531,5,15930.00,531,100.00,0.60,-0.60
28-December-2020,30.00,30.05,30.00,30.05,30.048042704626334519,1124,6,33774.00,1124,100.00,0.05,0.05
24-December-2020,30.05,30.05,30.05,30.05,30.040000000000000000,50,1,1502.00,50,100.00,0.00,0.00
23-December-2020,30.10,30.10,30.10,30.10,30.100000000000000000,50,1,1505.00,50,100.00,0.00,0.00
22-December-2020,31.90,31.90,30.70,30.70,31.791738382099827882,581,4,18471.00,581,100.00,1.20,-1.20
21-December-2020,31.30,31.30,31.30,31.30,31.296296296296296296,27,4,845.00,27,100.00,0.00,0.00
18-December-2020,32.70,32.70,31.50,31.90,31.793269230769230769,624,8,19839.00,624,100.00,1.20,-0.80
17-December-2020,33.40,33.40,32.10,32.10,32.920922570016474464,607,15,19983.00,607,100.00,1.30,-1.30
16-December-2020,32.75,32.75,32.75,32.75,32.750000000000000000,1208,10,39562.00,1208,100.00,0.00,0.00
15-December-2020,32.15,32.15,32.15,32.15,32.147058823529411764,68,5,2186.00,68,100.00,0.00,0.00
14-December-2020,31.55,31.55,31.55,31.55,31.549869451697127937,1915,7,60418.00,1915,100.00,0.00,0.00
11-December-2020,30.95,30.95,30.95,30.95,30.949090909090909090,825,5,25533.00,825,100.00,0.00,0.00
10-December-2020,30.35,30.35,30.35,30.35,30.348571428571428571,175,3,5311.00,175,100.00,0.00,0.00
9-December-2020,29.25,29.80,29.25,29.80,29.788175244576775840,2351,11,70032.00,2351,100.00,0.55,0.55
8-December-2020,28.50,29.25,27.95,29.25,28.050898770104068117,5285,11,148249.00,5285,100.00,1.30,0.75
7-December-2020,27.90,27.90,27.90,27.90,27.900000000000000000,500,4,13950.00,500,100.00,0.00,0.00
4-December-2020,26.60,26.60,26.60,26.60,26.600000000000000000,185,6,4921.00,185,100.00,0.00,0.00
3-December-2020,25.35,25.35,25.35,25.35,25.348837209302325581,86,1,2180.00,86,100.00,0.00,0.00
2-December-2020,24.15,24.15,24.10,24.15,24.138797814207650273,915,10,22087.00,915,100.00,0.05,0.00
1-December-2020,22.15,23.00,22.10,23.00,22.562500000000000000,400,3,9025.00,400,100.00,0.90,0.85
27-November-2020,21.05,22.10,21.05,22.10,21.944199706314243759,681,10,14944.00,681,100.00,1.05,1.05
26-November-2020,21.05,21.05,21.05,21.05,21.042372881355932203,118,2,2483.00,118,100.00,0.00,0.00
25-November-2020,20.05,20.05,20.05,20.05,20.041095890410958904,73,3,1463.00,73,100.00,0.00,0.00
24-November-2020,18.20,19.10,18.20,19.10,18.292134831460674157,89,3,1628.00,89,100.00,0.90,0.90
23-November-2020,18.20,18.20,18.20,18.20,18.200000000000000000,100,1,1820.00,100,100.00,0.00,0.00
20-November-2020,17.35,17.35,17.35,17.35,17.348571428571428571,525,6,9108.00,525,100.00,0.00,0.00
19-November-2020,16.55,16.55,16.55,16.55,16.549565217391304347,575,6,9516.00,575,100.00,0.00,0.00
13-November-2020,15.80,16.55,15.80,15.80,15.987500000000000000,800,9,12790.00,800,100.00,0.75,0.00
12-November-2020,15.80,15.80,15.80,15.80,15.795454545454545454,132,2,2085.00,132,100.00,0.00,0.00
6-November-2020,15.05,15.05,15.05,15.05,15.000000000000000000,9,1,135.00,9,100.00,0.00,0.00
3-November-2020,15.70,15.70,15.70,15.70,15.700000000000000000,100,1,1570.00,100,100.00,0.00,0.00
2-November-2020,15.70,15.70,15.70,15.70,15.700000000000000000,100,1,1570.00,100,100.00,0.00,0.00
30-October-2020,15.70,15.70,15.70,15.70,15.700000000000000000,1200,1,18840.00,1200,100.00,0.00,0.00
29-October-2020,15.70,15.70,15.70,15.70,15.700000000000000000,300,2,4710.00,300,100.00,0.00,0.00
27-October-2020,15.70,15.70,15.70,15.70,15.700000000000000000,300,1,4710.00,300,100.00,0.00,0.00
21-October-2020,14.75,15.70,14.75,15.70,15.602051282051282051,975,3,15212.00,975,100.00,0.95,0.95
20-October-2020,14.96,14.96,14.96,14.96,14.900000000000000000,10,2,149.00,10,100.00,0.00,0.00
19-October-2020,14.25,14.25,14.25,14.25,14.249333333333333333,750,2,10687.00,750,100.00,0.00,0.00
12-October-2020,15.27,15.27,15.00,15.00,15.000000000000000000,8,2,120.00,8,100.00,0.27,-0.27
1-October-2020,15.27,15.27,15.27,15.27,15.269789983844911147,3714,18,56712.00,3714,100.00,0.00,0.00
30-September-2020,15.20,16.00,14.50,14.55,15.246073298429319371,2101,9,32032.00,2101,100.00,1.50,-0.65
28-September-2020,15.25,15.25,15.25,15.25,15.250000000000000000,1000,1,15250.00,1000,100.00,0.00,0.00
25-September-2020,15.30,15.30,15.30,15.30,15.000000000000000000,1,1,15.00,1,100.00,0.00,0.00
24-September-2020,16.05,16.05,14.60,14.60,15.381093057607090103,2031,8,31239.00,2031,100.00,1.45,-1.45
23-September-2020,15.60,15.60,15.30,15.30,15.500000000000000000,30,2,465.00,30,100.00,0.30,-0.30
16-September-2020,16.10,16.10,16.10,16.10,16.000000000000000000,1,1,16.00,1,100.00,0.00,0.00
14-September-2020,15.35,15.35,14.65,15.35,15.228512609366958311,1943,15,29589.00,1943,100.00,0.70,0.00
11-September-2020,15.35,15.35,14.65,14.65,15.129473684210526315,950,6,14373.00,950,100.00,0.70,-0.70
10-September-2020,15.35,15.35,15.30,15.35,15.325396825396825396,126,4,1931.00,126,100.00,0.05,0.00
9-September-2020,16.10,16.10,16.10,16.10,16.080000000000000000,25,1,402.00,25,100.00,0.00,0.00
7-September-2020,15.40,15.45,15.40,15.45,15.448504983388704318,301,3,4650.00,301,100.00,0.05,0.05
4-September-2020,14.75,14.75,14.75,14.75,14.000000000000000000,1,1,14.00,1,100.00,0.00,0.00
3-September-2020,15.30,15.75,15.30,15.35,15.357777777777777777,450,5,6911.00,450,100.00,0.45,0.05
2-September-2020,14.80,15.70,14.30,15.65,15.144992526158445440,669,20,10132.00,669,100.00,1.40,0.85
1-September-2020,15.05,15.05,15.00,15.00,15.017391304347826086,345,5,5181.00,345,100.00,0.05,-0.05
31-August-2020,15.60,16.00,15.60,15.65,15.607142857142857142,56,8,874.00,56,100.00,0.40,0.05
28-August-2020,15.60,16.40,15.40,16.40,16.040697674418604651,688,11,11036.00,688,100.00,1.00,0.80
27-August-2020,16.40,16.40,15.60,15.75,15.729912875121006776,1033,9,16249.00,1033,100.00,0.80,-0.65
26-August-2020,16.40,16.70,15.60,15.65,15.759785111281657712,1303,18,20535.00,1303,100.00,1.10,-0.75
25-August-2020,16.90,16.90,16.05,16.40,16.811819235225955967,4315,12,72543.00,4315,100.00,0.85,-0.50
24-August-2020,16.10,16.10,16.10,16.10,16.100000000000000000,50,1,805.00,50,100.00,0.00,0.00
21-August-2020,15.50,15.75,15.45,15.60,15.574074074074074074,54,8,841.00,54,100.00,0.30,0.10
20-August-2020,14.20,15.00,14.20,15.00,14.483065953654188948,1122,5,16250.00,1122,100.00,0.80,0.80
19-August-2020,13.70,15.10,13.70,14.30,13.913333333333333333,600,6,8348.00,600,100.00,1.40,0.60
18-August-2020,14.40,15.90,14.40,14.40,14.456618300266508735,3377,12,48820.00,3377,100.00,1.50,0.00
17-August-2020,15.15,15.15,15.15,15.15,15.150000000000000000,100,2,1515.00,100,100.00,0.00,0.00
14-August-2020,15.90,15.90,15.90,15.90,15.900000000000000000,1010,4,16059.00,1010,100.00,0.00,0.00
13-August-2020,16.70,16.70,16.70,16.70,16.699876998769987699,813,5,13577.00,813,100.00,0.00,0.00
11-August-2020,17.55,19.30,17.55,17.55,18.307086614173228346,254,5,4650.00,254,100.00,1.75,0.00
10-August-2020,18.45,19.40,18.45,18.45,19.157894736842105263,19,3,364.00,19,100.00,0.95,0.00
7-August-2020,19.40,19.40,19.40,19.40,19.333333333333333333,12,2,232.00,12,100.00,0.00,0.00
6-August-2020,21.25,21.45,20.40,20.40,21.054364089775561097,2005,13,42214.00,2005,100.00,1.05,-0.85
28-July-2020,21.45,21.45,21.45,21.45,21.000000000000000000,1,1,21.00,1,100.00,0.00,0.00
14-July-2020,20.00,21.50,20.00,21.50,20.024390243902439024,41,2,821.00,40,97.56,1.50,1.50
10-July-2020,19.80,20.75,19.80,20.55,20.400000000000000000,5,2,102.00,5,100.00,0.95,0.75
9-July-2020,20.80,20.80,19.80,19.80,19.805555555555555555,72,3,1426.00,71,98.61,1.00,-1.00
8-July-2020,20.75,20.75,20.40,20.45,20.518518518518518518,27,5,554.00,9,33.33,0.35,-0.30
6-July-2020,21.00,21.00,19.10,20.35,19.117903930131004366,229,9,4378.00,224,97.82,1.90,-0.65
3-July-2020,20.10,20.10,19.00,20.10,20.097517730496453900,564,11,11335.00,562,99.65,1.10,0.00
2-July-2020,19.15,19.15,19.15,19.15,19.148571428571428571,175,6,3351.00,175,100.00,0.00,0.00
1-July-2020,18.25,18.25,18.25,18.25,18.250000000000000000,100,3,1825.00,100,100.00,0.00,0.00
30-June-2020,16.57,17.39,16.57,17.39,16.724324324324324324,185,6,3094.00,150,81.08,0.82,0.82
29-June-2020,16.57,16.57,16.57,16.57,16.570000000000000000,100,2,1657.00,100,100.00,0.00,0.00
26-June-2020,15.79,15.79,15.79,15.79,15.786666666666666666,150,4,2368.00,150,100.00,0.00,0.00
25-June-2020,14.40,15.04,14.25,15.04,14.596774193548387096,62,7,905.00,36,58.06,0.79,0.64
17-June-2020,14.33,14.33,14.33,14.33,14.329312424607961399,829,4,11879.00,829,100.00,0.00,0.00
16-June-2020,13.65,13.65,13.65,13.65,13.647058823529411764,102,2,1392.00,102,100.00,0.00,0.00
10-June-2020,13.20,13.20,13.00,13.00,13.103846153846153846,520,8,6814.00,520,100.00,0.20,-0.20
8-June-2020,12.65,12.65,12.65,12.65,12.647540983606557377,122,2,1543.00,122,100.00,0.00,0.00
5-June-2020,12.65,12.65,12.65,12.65,12.640000000000000000,50,1,632.00,50,100.00,0.00,0.00
3-June-2020,12.76,12.76,12.76,12.76,12.600000000000000000,5,1,63.00,5,100.00,0.00,0.00
29-May-2020,12.90,13.80,12.90,12.90,13.292817679558011049,181,6,2406.00,100,55.25,0.90,0.00
27-May-2020,13.15,13.15,13.15,13.15,13.142857142857142857,7,1,92.00,7,100.00,0.00,0.00
14-May-2020,13.75,15.00,13.70,13.70,13.772727272727272727,22,4,303.00,20,90.91,1.30,-0.05
13-May-2020,15.45,15.45,14.20,14.40,14.239669421487603305,121,4,1723.00,100,82.64,1.25,-1.05
12-May-2020,14.95,15.00,14.25,14.90,14.360110803324099722,722,18,10368.00,558,77.29,0.75,-0.05
11-May-2020,15.05,15.05,14.95,14.95,15.000000000000000000,8,4,120.00,4,50.00,0.10,-0.10
8-May-2020,14.55,14.55,14.55,14.55,14.000000000000000000,1,1,14.00,1,100.00,0.00,0.00
7-May-2020,13.90,15.25,13.90,13.90,14.042307692307692307,520,9,7302.00,455,87.50,1.35,0.00
6-May-2020,14.55,14.55,14.55,14.55,14.549019607843137254,51,2,742.00,51,100.00,0.00,0.00
5-May-2020,15.30,15.30,15.30,15.30,15.297752808988764044,356,5,5446.00,356,100.00,0.00,0.00
4-May-2020,17.70,17.70,16.10,16.10,17.129740518962075848,501,7,8582.00,451,90.02,1.60,-1.60
30-April-2020,17.40,17.40,15.90,16.90,16.737623762376237623,606,8,10143.00,555,91.58,1.50,-0.50
29-April-2020,17.20,17.20,15.80,16.70,16.418181818181818181,220,5,3612.00,120,54.55,1.40,-0.50
28-April-2020,16.45,16.45,16.20,16.45,16.312026913372582001,1189,10,19395.00,1051,88.39,0.25,0.00
27-April-2020,14.90,16.35,14.85,15.70,14.962264150943396226,318,10,4758.00,309,97.17,1.50,0.80
24-April-2020,15.60,15.60,15.60,15.60,15.600000000000000000,150,2,2340.00,150,100.00,0.00,0.00
23-April-2020,14.90,14.90,13.50,14.90,14.280701754385964912,1482,15,21164.00,962,64.91,1.40,0.00
20-April-2020,14.20,14.20,14.20,14.20,14.198019801980198019,101,2,1434.00,101,100.00,0.00,0.00
17-April-2020,15.70,16.35,14.85,14.85,15.173076923076923076,572,6,8679.00,362,63.29,1.50,-0.85
16-April-2020,15.60,17.20,15.60,15.60,16.164768413059984813,1317,14,21289.00,357,27.11,1.60,0.00
15-April-2020,18.10,18.10,16.40,16.40,16.420731707317073170,820,7,13465.00,820,100.00,1.70,-1.70
13-April-2020,17.25,17.25,17.25,17.25,17.250000000000000000,156,2,2691.00,156,100.00,0.00,0.00
9-April-2020,18.15,18.15,18.15,18.15,18.000000000000000000,1,1,18.00,1,100.00,0.00,0.00
19-February-2020,19.10,19.10,19.10,19.10,19.000000000000000000,1,1,19.00,1,100.00,0.00,0.00
18-February-2020,19.10,19.10,19.10,19.10,19.000000000000000000,1,1,19.00,1,100.00,0.00,0.00
17-January-2020,19.10,19.10,19.10,19.10,19.000000000000000000,1,1,19.00,1,100.00,0.00,0.00
16-January-2020,19.10,19.10,19.10,19.10,19.100000000000000000,50,1,955.00,50,100.00,0.00,0.00
14-January-2020,20.10,20.10,20.10,20.10,20.000000000000000000,2,2,40.00,2,100.00,0.00,0.00
13-January-2020,20.10,20.10,20.10,20.10,20.000000000000000000,7,6,140.00,7,100.00,0.00,0.00
24-December-2019,20.20,20.20,20.20,20.20,20.195652173913043478,184,1,3716.00,184,100.00,0.00,0.00
20-December-2019,20.20,20.20,20.20,20.20,20.200000000000000000,260,13,5252.00,260,100.00,0.00,0.00
4-December-2019,21.25,21.25,21.25,21.25,21.200000000000000000,10,1,212.00,10,100.00,0.00,0.00
1-November-2019,20.25,20.25,18.35,20.25,18.523809523809523809,105,3,1945.00,105,100.00,1.90,0.00
24-October-2019,19.30,19.30,19.30,19.30,19.200000000000000000,5,1,96.00,5,100.00,0.00,0.00
18-October-2019,19.70,19.70,19.70,19.70,19.000000000000000000,1,1,19.00,1,100.00,0.00,0.00
16-October-2019,18.90,18.90,18.90,18.90,18.896103896103896103,77,2,1455.00,77,100.00,0.00,0.00
14-October-2019,18.90,18.90,18.90,18.90,18.891304347826086956,46,3,869.00,46,100.00,0.00,0.00
11-October-2019,18.90,18.90,18.00,18.90,18.681818181818181818,44,8,822.00,44,100.00,0.90,0.00
9-October-2019,18.00,18.00,18.00,18.00,18.000000000000000000,25,4,450.00,25,100.00,0.00,0.00
7-October-2019,17.20,17.20,16.50,17.20,16.786982248520710059,169,5,2837.00,120,71.01,0.70,0.00
4-October-2019,16.25,16.40,16.25,16.40,16.393939393939393939,33,2,541.00,33,100.00,0.15,0.15
3-October-2019,16.20,16.20,16.20,16.20,16.200000000000000000,10,1,162.00,10,100.00,0.00,0.00
1-October-2019,18.30,18.30,16.80,16.85,18.000000000000000000,10,10,180.00,9,90.00,1.50,-1.45
25-September-2019,17.45,17.45,17.45,17.45,17.400000000000000000,5,1,87.00,5,100.00,0.00,0.00
24-September-2019,18.35,18.35,18.35,18.35,18.333333333333333333,30,2,550.00,30,100.00,0.00,0.00
23-September-2019,19.25,19.25,18.55,19.25,19.234567901234567901,81,3,1558.00,81,100.00,0.70,0.00
20-September-2019,19.50,19.50,18.55,18.55,18.620000000000000000,200,4,3724.00,200,100.00,0.95,-0.95
18-September-2019,17.70,19.50,17.70,19.50,19.300000000000000000,20,4,386.00,19,95.00,1.80,1.80
12-September-2019,17.15,18.60,17.15,18.60,18.578352180936995153,619,5,11500.00,610,98.55,1.45,1.45
11-September-2019,16.15,17.75,16.15,17.75,16.652077151335311572,1348,9,22447.00,975,72.33,1.60,1.60
9-September-2019,15.35,16.95,15.35,16.95,16.664444444444444444,450,7,7499.00,379,84.22,1.60,1.60
5-September-2019,16.15,16.15,16.15,16.15,16.125000000000000000,16,3,258.00,16,100.00,0.00,0.00
3-September-2019,17.00,17.00,17.00,17.00,17.000000000000000000,80,1,1360.00,80,100.00,0.00,0.00
30-August-2019,17.00,17.00,17.00,17.00,17.000000000000000000,1,1,17.00,1,100.00,0.00,0.00
29-August-2019,17.40,17.40,17.40,17.40,17.400000000000000000,605,13,10527.00,605,100.00,0.00,0.00
27-August-2019,18.30,18.30,18.30,18.30,18.300000000000000000,20,1,366.00,20,100.00,0.00,0.00
26-August-2019,19.50,19.50,19.25,19.25,19.333333333333333333,30,3,580.00,30,100.00,0.25,-0.25
22-August-2019,20.05,20.05,20.05,20.05,20.047619047619047619,210,2,4210.00,210,100.00,0.00,0.00
21-August-2019,22.05,22.05,21.10,21.10,21.500000000000000000,2,2,43.00,1,50.00,0.95,-0.95
20-August-2019,19.90,21.00,19.90,21.00,20.360000000000000000,25,3,509.00,15,60.00,1.10,1.10
19-August-2019,20.50,20.90,20.50,20.90,20.662790697674418604,172,5,3554.00,172,100.00,0.40,0.40
16-August-2019,20.50,20.50,19.95,19.95,20.060000000000000000,100,6,2006.00,100,100.00,0.55,-0.55
14-August-2019,23.15,23.15,21.00,21.00,22.000000000000000000,4,3,88.00,2,50.00,2.15,-2.15
9-August-2019,22.05,22.05,22.05,22.05,22.000000000000000000,12,3,264.00,12,100.00,0.00,0.00
25-July-2019,21.00,21.00,21.00,21.00,21.000000000000000000,100,3,2100.00,100,100.00,0.00,0.00
17-July-2019,21.05,21.05,21.00,21.00,21.008849557522123893,113,3,2374.00,113,100.00,0.05,-0.05
16-July-2019,23.85,23.85,21.65,21.90,22.704918032786885245,61,4,1385.00,61,100.00,2.20,-1.95
12-July-2019,24.80,24.80,22.75,22.75,23.950276243093922651,181,5,4335.00,181,100.00,2.05,-2.05
11-July-2019,23.65,23.65,23.65,23.65,23.650000000000000000,100,1,2365.00,100,100.00,0.00,0.00
10-July-2019,21.60,22.55,21.50,22.55,21.846666666666666666,150,4,3277.00,150,100.00,1.05,0.95
9-July-2019,21.50,21.50,21.50,21.50,21.500000000000000000,610,4,13115.00,610,100.00,0.00,0.00
5-July-2019,20.50,20.50,20.50,20.50,20.500000000000000000,500,2,10250.00,500,100.00,0.00,0.00
4-July-2019,19.10,21.00,19.05,20.50,19.228031145717463848,899,10,17286.00,798,88.77,1.95,1.40
1-July-2019,20.05,20.05,20.05,20.05,20.040000000000000000,25,2,501.00,25,100.00,0.00,0.00
28-June-2019,21.10,21.10,21.10,21.10,21.093750000000000000,128,7,2700.00,125,97.66,0.00,0.00
27-June-2019,24.45,24.45,22.20,22.20,23.907189542483660130,765,11,18289.00,765,100.00,2.25,-2.25
26-June-2019,23.30,23.30,23.30,23.30,23.300000000000000000,20,1,466.00,20,100.00,0.00,0.00
25-June-2019,24.50,24.50,24.50,24.50,24.500000000000000000,220,2,5390.00,220,100.00,0.00,0.00
24-June-2019,25.75,25.75,25.75,25.75,25.750000000000000000,20,1,515.00,20,100.00,0.00,0.00
21-June-2019,28.50,28.50,27.10,27.10,27.255555555555555555,270,8,7359.00,270,100.00,1.40,-1.40
20-June-2019,29.55,29.55,28.50,28.50,29.010869565217391304,92,6,2669.00,92,100.00,1.05,-1.05
18-June-2019,29.95,29.95,29.95,29.95,29.500000000000000000,2,2,59.00,1,50.00,0.00,0.00
12-June-2019,29.45,31.00,29.45,31.00,30.791304347826086956,115,4,3541.00,100,86.96,1.55,1.55
11-June-2019,30.10,31.00,28.75,31.00,29.039473684210526315,152,6,4414.00,152,100.00,2.25,0.90
10-June-2019,30.25,30.25,30.25,30.25,30.246666666666666666,150,4,4537.00,150,100.00,0.00,0.00
7-June-2019,31.80,31.80,31.80,31.80,31.800000000000000000,150,5,4770.00,150,100.00,0.00,0.00
6-June-2019,35.00,35.00,33.45,33.45,33.760000000000000000,125,2,4220.00,125,100.00,1.55,-1.55
4-June-2019,37.05,37.05,35.20,35.20,35.289215686274509803,204,7,7199.00,204,100.00,1.85,-1.85
3-June-2019,38.95,38.95,37.05,37.05,37.975609756097560975,41,3,1557.00,21,51.22,1.90,-1.90
10-April-2019,38.95,38.95,38.95,38.95,38.940000000000000000,50,1,1947.00,50,100.00,0.00,0.00
9-April-2019,38.95,38.95,38.95,38.95,38.000000000000000000,1,1,38.00,1,100.00,0.00,0.00
1-April-2019,41.00,41.00,41.00,41.00,41.000000000000000000,10,1,410.00,10,100.00,0.00,0.00
13-March-2019,41.00,42.00,41.00,42.00,41.333333333333333333,150,2,6200.00,150,100.00,1.00,1.00
6-March-2019,42.80,42.80,38.85,40.95,39.321585903083700440,454,9,17852.00,450,99.12,3.95,-1.85
5-March-2019,40.85,40.85,40.85,40.85,40.666666666666666666,3,3,122.00,3,100.00,0.00,0.00
27-February-2019,42.95,42.95,42.95,42.95,42.500000000000000000,2,2,85.00,1,50.00,0.00,0.00
20-February-2019,41.80,41.80,41.80,41.80,41.000000000000000000,1,1,41.00,1,100.00,0.00,0.00
12-February-2019,40.00,44.00,40.00,44.00,41.010000000000000000,400,2,16404.00,400,100.00,4.00,4.00
31-January-2019,39.00,42.00,39.00,42.00,39.029702970297029702,101,2,3942.00,101,100.00,3.00,3.00
29-January-2019,41.90,41.90,41.90,41.90,41.898203592814371257,501,2,20991.00,501,100.00,0.00,0.00
28-January-2019,39.05,43.70,38.90,43.60,39.565217391304347826,23,4,910.00,23,100.00,4.80,4.55
25-January-2019,42.70,42.70,42.70,42.70,42.000000000000000000,1,1,42.00,1,100.00,0.00,0.00
24-January-2019,45.95,45.95,39.00,39.85,39.740484429065743944,289,10,11485.00,280,96.89,6.95,-6.10
23-January-2019,47.20,47.20,38.70,41.80,42.972589167767503302,3028,13,130121.00,13,0.43,8.50,-5.40
18-January-2019,41.00,43.00,41.00,43.00,42.000000000000000000,2,2,84.00,2,100.00,2.00,2.00
15-January-2019,38.75,43.50,38.75,43.50,38.923076923076923076,52,2,2024.00,52,100.00,4.75,4.75
14-January-2019,42.95,42.95,42.95,42.95,42.000000000000000000,1,1,42.00,1,100.00,0.00,0.00
11-January-2019,43.75,43.75,40.20,40.20,40.303030303030303030,33,3,1330.00,33,100.00,3.55,-3.55
10-January-2019,45.05,45.05,40.35,44.55,42.469256381798002219,4505,9,191324.00,305,6.77,4.70,-0.50
9-January-2019,37.75,43.80,37.75,43.80,37.922330097087378640,103,2,3906.00,103,100.00,6.05,6.05
8-January-2019,40.00,43.00,40.00,40.05,40.273109243697478991,1190,11,47925.00,700,58.82,3.00,0.05
7-January-2019,39.10,39.10,39.10,39.10,39.100000000000000000,50,4,1955.00,50,100.00,0.00,0.00
1-January-2019,39.10,39.10,39.10,39.10,39.000000000000000000,4,1,156.00,4,100.00,0.00,0.00
28-December-2018,39.25,39.25,39.25,39.25,39.248618784530386740,362,4,14208.00,362,100.00,0.00,0.00
26-December-2018,43.85,43.85,38.50,40.00,40.783333333333333333,6900,3,281405.00,0,0.00,5.35,-3.85
24-December-2018,40.50,40.50,40.50,40.50,40.500000000000000000,100,2,4050.00,100,100.00,0.00,0.00
20-December-2018,40.20,43.95,40.20,43.50,42.611222444889779559,499,6,21263.00,499,100.00,3.75,3.30
18-December-2018,38.70,44.65,38.70,44.65,38.730994152046783625,171,2,6623.00,170,99.42,5.95,5.95
17-December-2018,39.75,42.00,39.75,41.95,41.000000000000000000,72,3,2952.00,41,56.94,2.25,2.20
14-December-2018,39.90,39.90,39.90,39.90,39.000000000000000000,1,1,39.00,1,100.00,0.00,0.00
13-December-2018,44.30,44.30,40.05,40.90,40.768750000000000000,480,8,19569.00,230,47.92,4.25,-3.40
11-December-2018,40.35,40.35,40.35,40.35,40.200000000000000000,5,1,201.00,5,100.00,0.00,0.00
10-December-2018,40.90,44.85,40.90,44.80,41.540983606557377049,61,4,2534.00,51,83.61,3.95,3.90
6-December-2018,44.25,46.00,42.10,44.85,44.904729383643503500,5857,36,263007.00,5006,85.47,3.90,0.60
4-December-2018,40.20,43.95,37.65,41.80,41.411861614497528830,607,19,25137.00,522,86.00,6.30,1.60
3-December-2018,44.00,44.00,40.00,41.70,42.492187500000000000,128,10,5439.00,67,52.34,4.00,-2.30
30-November-2018,37.20,44.95,37.20,44.95,39.783333333333333333,300,2,11935.00,300,100.00,7.75,7.75
28-November-2018,38.35,45.85,38.35,45.70,42.628352490421455938,261,8,11126.00,101,38.70,7.50,7.35
27-November-2018,40.40,44.85,40.40,44.80,42.567708333333333333,192,9,8173.00,50,26.04,4.45,4.40
22-November-2018,42.65,46.85,40.90,45.90,41.167441860465116279,215,8,8851.00,200,93.02,5.95,3.25
21-November-2018,42.00,46.35,39.15,45.65,40.357142857142857142,70,8,2825.00,59,84.29,7.20,3.65
20-November-2018,40.90,46.90,40.90,46.45,45.103828306264501160,3448,35,155518.00,3000,87.01,6.00,5.55
19-November-2018,46.90,46.90,42.00,44.60,45.671232876712328767,73,6,3334.00,53,72.60,4.90,-2.30
16-November-2018,41.15,42.90,40.00,41.80,41.549199084668192219,1311,12,54471.00,1151,87.80,2.90,0.65
15-November-2018,42.00,47.55,40.10,45.75,42.746452223273415326,1057,13,45183.00,684,64.71,7.45,3.75
13-November-2018,47.95,47.95,40.10,44.05,44.161290322580645161,341,10,15059.00,171,50.15,7.85,-3.90
12-November-2018,54.00,54.00,39.30,47.20,43.917948717948717948,1170,22,51384.00,998,85.30,14.70,-6.80
9-November-2018,43.00,48.00,43.00,47.95,45.938818565400843881,474,11,21775.00,300,63.29,5.00,4.95
1-November-2018,45.50,49.75,44.55,48.00,45.136607828089025326,1303,7,58813.00,1201,92.17,5.20,2.50
31-October-2018,44.00,49.80,43.55,44.45,44.136574074074074074,432,19,19067.00,202,46.76,6.25,0.45
29-October-2018,50.00,50.00,50.00,50.00,50.000000000000000000,10,2,500.00,10,100.00,0.00,0.00
26-October-2018,44.55,49.30,44.55,48.75,48.734966592427616926,449,4,21882.00,49,10.91,4.75,4.20
25-October-2018,50.00,50.00,44.50,49.85,46.276995305164319248,213,6,9857.00,189,88.73,5.50,-0.15
24-October-2018,40.05,50.40,40.00,50.15,43.725333333333333333,375,19,16397.00,169,45.07,10.40,10.10
23-October-2018,48.00,48.00,44.00,44.00,45.333333333333333333,30,2,1360.00,30,100.00,4.00,-4.00
22-October-2018,42.00,50.90,42.00,47.30,46.723529411764705882,510,15,23829.00,129,25.29,8.90,5.30
19-October-2018,54.90,54.90,44.10,51.90,51.451612903225806451,124,9,6380.00,118,95.16,10.80,-3.00
17-October-2018,44.00,50.90,44.00,48.00,45.756097560975609756,41,11,1876.00,18,43.90,6.90,4.00
16-October-2018,42.15,52.60,42.15,46.70,45.468571428571428571,350,11,15914.00,100,28.57,10.45,4.55
12-October-2018,53.75,53.75,45.65,52.60,50.153846153846153846,13,6,652.00,3,23.08,8.10,-1.15
11-October-2018,50.00,51.75,49.90,51.75,50.058823529411764705,17,3,851.00,16,94.12,1.85,1.75
10-October-2018,44.00,48.90,43.50,48.90,48.803278688524590163,122,6,5954.00,120,98.36,5.40,4.90
9-October-2018,40.30,48.95,40.30,47.00,44.549019607843137254,153,14,6816.00,96,62.75,8.65,6.70
8-October-2018,41.40,47.90,41.00,45.00,42.185567010309278350,388,25,16368.00,261,67.27,6.90,3.60
5-October-2018,46.00,46.80,41.40,41.55,42.166666666666666666,24,5,1012.00,24,100.00,5.40,-4.45
4-October-2018,46.00,50.00,41.00,43.05,43.252066115702479338,484,14,20934.00,290,59.92,9.00,-2.95
3-October-2018,49.00,51.95,44.80,50.80,47.763779527559055118,254,14,12132.00,198,77.95,7.15,1.80
1-October-2018,44.35,52.90,44.35,50.05,49.517420311341734618,1349,21,66799.00,1194,88.51,8.55,5.70
28-September-2018,44.40,50.50,44.40,49.90,48.873646209386281588,554,13,27076.00,101,18.23,6.10,5.50
27-September-2018,53.00,53.00,48.00,48.00,49.324000000000000000,250,10,12331.00,112,44.80,5.00,-5.00
26-September-2018,58.80,58.80,45.40,53.00,52.666666666666666666,18,11,948.00,8,44.44,13.40,-5.80
25-September-2018,49.30,49.30,49.30,49.30,49.000000000000000000,1,1,49.00,1,100.00,0.00,0.00
19-September-2018,58.50,60.85,53.60,58.85,58.790909090909090909,220,9,12934.00,100,45.45,7.25,0.35
18-September-2018,54.00,64.00,53.00,58.50,55.651422764227642276,984,33,54761.00,390,39.63,11.00,4.50
17-September-2018,63.95,63.95,53.00,57.85,54.864583333333333333,192,11,10534.00,148,77.08,10.95,-6.10
14-September-2018,59.30,59.30,53.60,58.20,55.964740013389868332,4481,13,250778.00,2258,50.39,5.70,-1.10
12-September-2018,54.30,58.00,52.00,52.10,53.624790619765494137,597,21,32014.00,500,83.75,6.00,-2.20
11-September-2018,66.45,66.45,57.50,57.50,59.785454545454545454,275,9,16441.00,223,81.09,8.95,-8.95
10-September-2018,62.30,62.40,53.00,58.00,57.587548638132295719,771,17,44400.00,537,69.65,9.40,-4.30
7-September-2018,55.00,57.95,53.05,53.30,54.632911392405063291,79,8,4316.00,39,49.37,4.90,-1.70
6-September-2018,56.00,59.00,48.20,58.00,57.998911268372346216,1837,16,106544.00,1826,99.40,10.80,2.00
5-September-2018,55.00,60.00,54.00,57.90,57.473101265822784810,632,24,36323.00,356,56.33,6.00,2.90
4-September-2018,60.00,60.00,51.00,53.45,55.261187214611872146,1095,32,60511.00,769,70.23,9.00,-6.55
3-September-2018,54.00,60.05,48.05,59.25,57.226474082411054836,15993,129,915223.00,6322,39.53,12.00,5.25
31-August-2018,47.50,52.00,47.50,50.05,49.914565826330532212,2856,28,142556.00,2556,89.50,4.50,2.55
30-August-2018,45.45,55.90,45.40,50.00,50.422760041194644696,1942,36,97921.00,1427,73.48,10.50,4.55
29-August-2018,48.90,56.00,48.90,56.00,51.800000000000000000,5,4,259.00,4,80.00,7.10,7.10
28-August-2018,49.00,58.00,42.10,51.00,53.088888888888888888,450,13,23890.00,402,89.33,15.90,2.00
27-August-2018,57.90,58.00,47.45,52.00,52.500000000000000000,270,11,14175.00,268,99.26,10.55,-5.90
24-August-2018,48.10,58.70,48.10,51.60,54.257009345794392523,214,17,11611.00,91,42.52,10.60,3.50
23-August-2018,54.10,59.90,51.00,51.90,52.893475366178428761,751,22,39723.00,712,94.81,8.90,-2.20
21-August-2018,67.50,67.50,47.50,55.60,57.947826086956521739,1495,31,86632.00,1259,84.21,20.00,-11.90
20-August-2018,59.00,59.00,52.00,56.90,57.288888888888888888,45,6,2578.00,43,95.56,7.00,-2.10
17-August-2018,48.30,62.90,48.30,62.90,60.016501650165016501,303,5,18185.00,302,99.67,14.60,14.60
16-August-2018,60.00,60.00,54.35,59.50,59.454545454545454545,11,6,654.00,11,100.00,5.65,-0.50
14-August-2018,53.00,68.00,53.00,65.50,65.482157676348547717,1205,27,78906.00,400,33.20,15.00,12.50
13-August-2018,59.00,68.25,47.00,64.75,63.702002355712603062,1698,23,108166.00,513,30.21,21.25,5.75
7-August-2018,56.05,57.95,54.10,56.90,55.986928104575163398,153,7,8566.00,50,32.68,3.85,0.85
6-August-2018,58.00,59.95,54.30,59.45,56.167235494880546075,879,16,49371.00,325,36.97,5.65,1.45
3-August-2018,49.05,61.55,49.05,59.90,57.575107296137339055,699,16,40245.00,370,52.93,12.50,10.85
2-August-2018,55.80,61.55,55.80,58.20,58.181250000000000000,160,12,9309.00,57,35.62,5.75,2.40
1-August-2018,45.10,52.90,45.10,51.50,51.594360086767895878,461,8,23785.00,200,43.38,7.80,6.40
31-July-2018,52.95,52.95,45.70,48.85,50.000000000000000000,3,3,150.00,2,66.67,7.25,-4.10
30-July-2018,54.00,54.00,40.65,49.00,48.444230769230769230,1560,22,75573.00,259,16.60,13.35,-5.00
27-July-2018,45.65,52.00,45.65,45.70,50.916666666666666666,12,3,611.00,10,83.33,6.35,0.05
26-July-2018,49.05,52.25,49.05,52.25,49.121212121212121212,33,3,1621.00,33,100.00,3.20,3.20
25-July-2018,53.45,54.80,47.00,51.55,51.936794582392776523,443,24,23008.00,329,74.27,7.80,-1.90
24-July-2018,41.55,54.80,41.55,54.80,52.091666666666666666,120,5,6251.00,100,83.33,13.25,13.25
23-July-2018,54.65,54.65,40.00,49.00,48.908450704225352112,284,19,13890.00,63,22.18,14.65,-5.65
20-July-2018,45.00,49.85,45.00,49.85,47.057142857142857142,35,2,1647.00,35,100.00,4.85,4.85
19-July-2018,45.45,51.95,45.00,46.30,47.102064666926373198,2567,38,120911.00,642,25.01,6.95,0.85
18-July-2018,45.55,51.90,45.55,51.90,46.608333333333333333,120,4,5593.00,120,100.00,6.35,6.35
17-July-2018,50.00,50.00,50.00,50.00,50.000000000000000000,1,1,50.00,1,100.00,0.00,0.00
16-July-2018,51.00,51.00,48.15,48.15,48.596590909090909090,176,5,8553.00,176,100.00,2.85,-2.85
13-July-2018,51.10,56.70,44.05,56.70,52.109589041095890410,73,10,3804.00,71,97.26,12.65,5.60
12-July-2018,46.30,53.90,46.30,53.00,53.800766283524904214,261,10,14042.00,255,97.70,7.60,6.70
11-July-2018,53.85,53.90,53.85,53.90,53.875000000000000000,24,3,1293.00,22,91.67,0.05,0.05
10-July-2018,46.35,51.40,40.10,50.45,47.778277634961439588,1556,32,74343.00,552,35.48,11.30,4.10
9-July-2018,44.00,51.00,44.00,46.35,46.016326530612244897,245,11,11274.00,152,62.04,7.00,2.35
6-July-2018,52.00,52.00,44.40,52.00,50.267573696145124716,441,7,22168.00,426,96.60,7.60,0.00
5-July-2018,51.95,52.00,51.50,51.95,51.897097625329815303,758,11,39338.00,758,100.00,0.50,0.00
4-July-2018,43.00,56.50,43.00,56.50,52.246575342465753424,146,2,7628.00,100,68.49,13.50,13.50
3-July-2018,46.45,53.00,46.45,53.00,49.257142857142857142,35,2,1724.00,35,100.00,6.55,6.55
2-July-2018,61.45,61.45,47.45,54.25,54.052396166134185303,1565,16,84592.00,300,19.17,14.00,-7.20
29-June-2018,61.50,61.50,49.00,57.25,53.959418837675350701,1996,35,107703.00,1115,55.86,12.50,-4.25
28-June-2018,52.00,57.70,52.00,57.65,54.062500000000000000,16,4,865.00,12,75.00,5.70,5.65
27-June-2018,44.20,61.55,44.20,54.10,51.881429816913687881,1147,33,59508.00,488,42.55,17.35,9.90
26-June-2018,55.00,55.25,55.00,55.20,55.080432172869147659,833,11,45882.00,504,60.50,0.25,0.20
25-June-2018,61.70,61.80,57.00,57.10,58.765765765765765765,333,14,19569.00,201,60.36,4.80,-4.60
22-June-2018,56.00,66.00,53.30,61.90,56.256756756756756756,222,9,12489.00,220,99.10,12.70,5.90
21-June-2018,61.80,61.80,56.00,56.00,56.128930817610062893,318,8,17849.00,318,100.00,5.80,-5.80
20-June-2018,65.00,65.00,52.05,61.80,59.681818181818181818,22,7,1313.00,8,36.36,12.95,-3.20
19-June-2018,54.75,58.50,54.15,55.55,55.060000000000000000,100,9,5506.00,52,52.00,4.35,0.80
18-June-2018,55.25,62.95,55.15,60.70,58.212121212121212121,66,8,3842.00,36,54.55,7.80,5.45
15-June-2018,63.90,63.90,58.00,59.20,61.556043956043956043,455,9,28008.00,455,100.00,5.90,-4.70
14-June-2018,55.25,63.00,55.10,55.80,57.304347826086956521,345,11,19770.00,90,26.09,7.90,0.55
13-June-2018,54.65,64.40,54.65,63.90,62.472392638036809815,815,18,50915.00,570,69.94,9.75,9.25
12-June-2018,56.00,69.90,55.00,67.55,66.471031746031746031,2520,27,167507.00,383,15.20,14.90,11.55
11-June-2018,52.00,60.00,50.05,59.90,56.446768060836501901,526,17,29691.00,427,81.18,9.95,7.90
8-June-2018,55.00,55.00,51.00,54.90,52.541205412054120541,813,10,42716.00,512,62.98,4.00,-0.10
7-June-2018,52.50,58.50,50.10,58.40,53.448700410396716826,731,10,39071.00,601,82.22,8.40,5.90
6-June-2018,60.00,65.00,49.40,59.10,57.767761650114591291,1309,19,75618.00,172,13.14,15.60,-0.90
5-June-2018,62.00,64.00,52.00,61.60,60.276729559748427672,159,14,9584.00,110,69.18,12.00,-0.40
4-June-2018,48.00,65.00,48.00,64.95,59.830661322645290581,998,8,59711.00,995,99.70,17.00,16.95
1-June-2018,58.00,58.00,57.90,57.90,57.976000000000000000,125,3,7247.00,125,100.00,0.10,-0.10
31-May-2018,54.00,57.00,46.55,56.25,55.924369747899159663,357,10,19965.00,326,91.32,10.45,2.25
30-May-2018,50.60,52.95,50.60,51.55,51.060000000000000000,50,3,2553.00,25,50.00,2.35,0.95
29-May-2018,53.50,53.50,45.00,50.60,50.550488599348534201,614,17,31038.00,570,92.83,8.50,-2.90
28-May-2018,50.00,55.00,45.55,54.70,54.553061224489795918,490,24,26731.00,58,11.84,9.45,4.70
25-May-2018,47.20,56.00,47.20,55.40,54.410256410256410256,39,14,2122.00,20,51.28,8.80,8.20
23-May-2018,50.10,58.95,50.10,58.95,56.333333333333333333,6,4,338.00,1,16.67,8.85,8.85
22-May-2018,59.95,59.95,59.95,59.95,59.500000000000000000,2,2,119.00,1,50.00,0.00,0.00
21-May-2018,46.00,59.00,46.00,58.70,54.454676258992805755,695,13,37846.00,151,21.73,13.00,12.70
17-May-2018,58.00,58.00,57.00,57.00,57.833333333333333333,120,2,6940.00,100,83.33,1.00,-1.00
16-May-2018,60.00,60.00,60.00,60.00,60.000000000000000000,300,6,18000.00,300,100.00,0.00,0.00
15-May-2018,58.00,65.50,55.00,61.75,61.355434326479227864,4766,19,292420.00,2465,51.72,10.50,3.75
14-May-2018,54.00,61.50,54.00,60.00,59.975490196078431372,408,10,24470.00,405,99.26,7.50,6.00
11-May-2018,62.00,62.80,62.00,62.80,62.000000000000000000,101,2,6262.00,101,100.00,0.80,0.80
10-May-2018,67.00,67.90,61.00,65.55,65.571225649350649350,4928,12,323135.00,920,18.67,6.90,-1.45
9-May-2018,62.00,67.50,55.15,66.15,66.117080994386527666,1247,27,82448.00,147,11.79,12.35,4.15
8-May-2018,64.00,64.00,54.00,61.80,61.872331340734415029,2342,23,144905.00,327,13.96,10.00,-2.20
7-May-2018,54.05,59.90,54.05,57.15,54.723076923076923076,260,10,14228.00,230,88.46,5.85,3.10
4-May-2018,60.05,66.45,60.05,61.10,61.000000000000000000,6,2,366.00,6,100.00,6.40,1.05
3-May-2018,66.90,66.90,60.05,63.60,63.608814175374829622,2201,8,140003.00,200,9.09,6.85,-3.30
2-May-2018,62.25,68.85,62.15,68.85,62.500000000000000000,202,5,12625.00,202,100.00,6.70,6.60
30-April-2018,60.05,67.00,60.00,66.70,62.362073771253368020,10763,74,671203.00,5000,46.46,7.00,6.65
27-April-2018,66.95,69.85,60.00,69.30,68.005586592178770949,358,11,24346.00,52,14.53,9.85,2.35
25-April-2018,68.90,70.00,68.90,70.00,69.000000000000000000,2,2,138.00,1,50.00,1.10,1.10
24-April-2018,66.50,70.00,65.00,65.00,65.565217391304347826,230,5,15080.00,225,97.83,5.00,-1.50
23-April-2018,71.90,71.90,65.00,66.50,71.857142857142857142,252,3,18108.00,251,99.60,6.90,-5.40
20-April-2018,70.00,72.50,60.15,72.40,70.173664122137404580,524,31,36771.00,488,93.13,12.35,2.40
19-April-2018,70.00,72.50,65.00,69.75,70.218093699515347334,619,6,43465.00,119,19.22,7.50,-0.25
18-April-2018,65.00,70.00,63.05,70.00,66.272727272727272727,22,5,1458.00,21,95.45,6.95,5.00
17-April-2018,66.00,69.00,65.00,69.00,67.200534759358288770,374,17,25133.00,272,72.73,4.00,3.00
16-April-2018,68.00,70.00,68.00,70.00,68.076489028213166144,1595,13,108582.00,1595,100.00,2.00,2.00
13-April-2018,70.40,70.40,69.95,70.00,70.293233082706766917,133,5,9349.00,132,99.25,0.45,-0.40
12-April-2018,66.00,78.80,64.10,70.65,72.998664292074799643,2246,38,163955.00,1450,64.56,14.70,4.65
11-April-2018,73.80,88.20,67.00,70.00,70.499549549549549549,2220,38,156509.00,1261,56.80,21.20,-3.80
10-April-2018,87.00,87.00,66.00,73.60,73.418781725888324873,1970,40,144635.00,1529,77.61,21.00,-13.40
9-April-2018,83.75,83.75,62.05,72.90,69.595505617977528089,356,21,24776.00,242,67.98,21.70,-10.85
6-April-2018,65.00,78.00,65.00,74.80,73.431800467653936087,1283,17,94213.00,273,21.28,13.00,9.80
5-April-2018,64.00,77.00,64.00,68.00,64.631578947368421052,703,11,45436.00,699,99.43,13.00,4.00
4-April-2018,66.00,66.00,55.20,65.05,62.845247446975648075,1273,30,80002.00,385,30.24,10.80,-0.95
3-April-2018,59.00,64.00,55.70,63.05,63.016168148746968472,2474,10,155902.00,470,19.00,8.30,4.05
28-March-2018,59.95,59.95,55.15,59.75,59.728132387706855791,423,7,25265.00,12,2.84,4.80,-0.20
27-March-2018,60.95,60.95,54.00,60.25,58.157894736842105263,304,6,17680.00,100,32.89,6.95,-0.70
26-March-2018,50.00,59.90,50.00,51.00,50.580000000000000000,100,4,5058.00,50,50.00,9.90,1.00
23-March-2018,60.95,61.00,60.95,60.95,60.952380952380952380,21,2,1280.00,21,100.00,0.05,0.00
21-March-2018,56.00,62.00,46.05,61.20,58.380952380952380952,315,15,18390.00,144,45.71,15.95,5.20
20-March-2018,60.00,62.90,51.00,57.20,57.098522167487684729,203,26,11591.00,103,50.74,11.90,-2.80
19-March-2018,53.00,56.50,50.30,52.95,52.989966555183946488,299,8,15844.00,295,98.66,6.20,-0.05
16-March-2018,59.00,59.00,51.50,54.85,55.487603305785123966,121,10,6714.00,111,91.74,7.50,-4.15
15-March-2018,62.00,64.00,56.35,59.85,59.847791798107255520,1268,31,75887.00,1082,85.33,7.65,-2.15
14-March-2018,60.00,63.85,58.00,62.35,62.333333333333333333,162,15,10098.00,160,98.77,5.85,2.35
13-March-2018,60.00,63.95,60.00,63.95,60.015000000000000000,200,2,12003.00,200,100.00,3.95,3.95
12-March-2018,70.00,70.00,50.50,59.80,59.902654867256637168,113,7,6769.00,101,89.38,19.50,-10.20
9-March-2018,61.00,64.00,60.00,61.15,62.902843601895734597,422,10,26545.00,411,97.39,4.00,0.15
8-March-2018,85.00,85.00,59.70,63.20,62.290368271954674220,2824,46,175908.00,2019,71.49,25.30,-21.80
7-March-2018,69.00,73.00,69.00,71.00,69.352941176470588235,51,7,3537.00,47,92.16,4.00,2.00
6-March-2018,65.05,74.85,65.05,73.00,71.104540023894862604,3348,25,238058.00,884,26.40,9.80,7.95
5-March-2018,66.55,72.90,66.50,72.90,67.040816326530612244,49,8,3285.00,45,91.84,6.40,6.35
1-March-2018,74.90,76.75,68.10,69.70,70.696606786427145708,1503,54,106257.00,385,25.62,8.65,-5.20
28-February-2018,78.80,78.80,63.25,74.55,69.873688020267824828,2763,61,193061.00,1765,63.88,15.55,-4.25
27-February-2018,65.95,67.00,65.50,66.00,65.990033222591362126,602,9,39726.00,602,100.00,1.50,0.05
26-February-2018,62.00,66.00,61.70,63.85,62.542806707855251544,1133,11,70861.00,1133,100.00,4.30,1.85
23-February-2018,60.00,65.00,60.00,64.90,63.916666666666666666,300,5,19175.00,300,100.00,5.00,4.90
22-February-2018,61.40,64.60,61.40,62.00,61.643410852713178294,1806,17,111328.00,1806,100.00,3.20,0.60
21-February-2018,64.60,64.60,64.60,64.60,64.600000000000000000,10,1,646.00,10,100.00,0.00,0.00
20-February-2018,59.15,62.00,59.15,62.00,59.163507109004739336,1266,11,74901.00,1266,100.00,2.85,2.85
19-February-2018,62.25,62.25,62.25,62.25,62.248888888888888888,450,2,28012.00,450,100.00,0.00,0.00
16-February-2018,61.75,68.10,61.75,65.50,62.656087321578505457,5955,38,373117.00,5955,100.00,6.35,3.75
15-February-2018,64.95,64.95,64.95,64.95,64.950000000000000000,600,2,38970.00,600,100.00,0.00,0.00
14-February-2018,71.90,71.90,68.35,68.35,68.764912280701754385,2565,11,176382.00,2565,100.00,3.55,-3.55
12-February-2018,80.30,80.30,80.30,80.30,80.299794661190965092,3896,9,312848.00,3896,100.00,0.00,0.00
9-February-2018,76.25,76.50,76.25,76.50,76.458613494087642012,4313,20,329766.00,4313,100.00,0.25,0.25
8-February-2018,72.90,72.90,72.90,72.90,72.894230769230769230,104,1,7581.00,104,100.00,0.00,0.00
7-February-2018,69.45,69.45,66.15,69.45,69.406539991162174105,2263,18,157067.00,2261,99.91,3.30,0.00
6-February-2018,66.00,66.15,65.00,66.15,66.079760479041916167,4175,34,275883.00,4175,100.00,1.15,0.15
5-February-2018,60.00,63.00,57.00,63.00,60.443330660251269713,7482,42,452237.00,7277,97.26,6.00,3.00
29-January-2018,60.00,60.00,60.00,60.00,60.000000000000000000,1,1,60.00,1,100.00,0.00,0.00
25-January-2018,58.80,58.80,58.80,58.80,58.761904761904761904,21,2,1234.00,21,100.00,0.00,0.00
24-January-2018,56.00,56.00,56.00,56.00,56.000000000000000000,5,1,280.00,5,100.00,0.00,0.00
23-January-2018,50.00,54.55,49.50,53.45,53.142739273927392739,1212,8,64409.00,212,17.49,5.05,3.45
22-January-2018,54.60,54.60,50.65,52.00,51.257309941520467836,855,5,43825.00,850,99.42,3.95,-2.60
19-January-2018,52.00,52.00,51.25,52.00,51.733333333333333333,30,4,1552.00,30,100.00,0.75,0.00
18-January-2018,50.50,51.25,50.50,51.25,50.875000000000000000,200,4,10175.00,200,100.00,0.75,0.75
17-January-2018,51.50,55.75,51.50,52.10,51.804195804195804195,143,3,7408.00,143,100.00,4.25,0.60
16-January-2018,54.10,56.00,54.10,54.10,54.234285714285714285,350,3,18982.00,350,100.00,1.90,0.00
15-January-2018,52.75,56.50,52.75,56.50,54.490517241379310344,1160,13,63209.00,1160,100.00,3.75,3.75
11-January-2018,53.05,55.50,53.05,55.50,53.127272727272727272,275,7,14610.00,275,100.00,2.45,2.45
9-January-2018,55.50,55.50,55.50,55.50,55.500000000000000000,4,1,222.00,4,100.00,0.00,0.00
8-January-2018,58.50,59.15,54.00,57.65,57.464566929133858267,508,9,29192.00,389,76.57,5.15,-0.85
5-January-2018,54.00,56.55,54.00,56.35,55.543046357615894039,302,7,16774.00,252,83.44,2.55,2.35
4-January-2018,56.70,56.70,53.90,53.90,54.133333333333333333,120,5,6496.00,110,91.67,2.80,-2.80
3-January-2018,54.00,56.70,54.00,56.70,55.800000000000000000,500,7,27900.00,500,100.00,2.70,2.70
2-January-2018,54.00,54.00,54.00,54.00,54.000000000000000000,1,1,54.00,1,100.00,0.00,0.00
1-January-2018,49.90,52.35,48.00,51.90,51.456218905472636815,2010,15,103427.00,496,24.68,4.35,2.00
29-December-2017,49.90,49.90,46.10,49.90,49.889671361502347417,852,7,42506.00,851,99.88,3.80,0.00
28-December-2017,47.55,47.55,47.55,47.55,47.548098434004474272,447,4,21254.00,447,100.00,0.00,0.00
27-December-2017,45.25,45.30,42.00,45.30,45.248275862068965517,870,10,39366.00,870,100.00,3.30,0.05
26-December-2017,43.10,43.15,43.10,43.15,43.144694533762057877,622,7,26836.00,622,100.00,0.05,0.05
22-December-2017,41.10,41.10,41.10,41.10,41.100000000000000000,250,2,10275.00,250,100.00,0.00,0.00
20-December-2017,39.15,39.15,39.15,39.15,39.148760330578512396,121,3,4737.00,100,82.64,0.00,0.00
19-December-2017,41.85,41.85,39.55,40.35,41.111111111111111111,405,6,16650.00,210,51.85,2.30,-1.50
18-December-2017,43.50,43.50,39.90,39.90,39.930693069306930693,101,2,4033.00,100,99.01,3.60,-3.60
15-December-2017,42.00,43.50,42.00,42.00,42.126021003500583430,857,11,36102.00,675,78.76,1.50,0.00
14-December-2017,41.75,42.00,38.85,41.50,41.594514013118664281,1677,13,69754.00,1675,99.88,3.15,-0.25
13-December-2017,41.60,42.25,39.10,40.70,41.740088105726872246,227,4,9475.00,226,99.56,3.15,-0.90
12-December-2017,41.05,41.10,41.05,41.10,41.086666666666666666,600,5,24652.00,600,100.00,0.05,0.05
11-December-2017,41.90,43.80,40.00,43.20,42.945774647887323943,1420,10,60983.00,1420,100.00,3.80,1.30
8-December-2017,38.85,41.95,38.85,41.95,41.423841059602649006,604,5,25020.00,513,84.93,3.10,3.10
7-December-2017,40.85,40.85,40.85,40.85,40.000000000000000000,1,1,40.00,1,100.00,0.00,0.00
6-December-2017,39.60,40.90,39.60,40.90,39.601374570446735395,1455,7,57620.00,1453,99.86,1.30,1.30
4-December-2017,42.05,45.70,41.65,41.65,42.014910536779324055,1006,10,42267.00,900,89.46,4.05,-0.40
1-December-2017,42.70,43.90,40.10,43.80,43.795272969374167776,3004,14,131561.00,3000,99.87,3.80,1.10
30-November-2017,41.90,41.90,41.90,41.90,41.000000000000000000,1,1,41.00,1,100.00,0.00,0.00
29-November-2017,42.95,42.95,39.80,42.20,42.195051546391752577,2425,11,102323.00,325,13.40,3.15,-0.75
28-November-2017,39.55,43.15,39.55,41.85,40.894948681827329442,4969,22,203207.00,2671,53.75,3.60,2.30
27-November-2017,41.60,44.65,41.60,41.60,42.227704678362573099,2736,18,115535.00,2262,82.68,3.05,0.00
24-November-2017,44.35,44.35,42.00,43.75,43.250183418928833455,1363,15,58950.00,1361,99.85,2.35,-0.60
23-November-2017,42.00,45.90,41.60,42.25,42.498068849706129303,5955,44,253076.00,4322,72.58,4.30,0.25
22-November-2017,44.00,46.35,43.50,43.75,45.470769230769230769,650,16,29556.00,548,84.31,2.85,-0.25
21-November-2017,47.85,47.85,43.55,44.15,44.736211031175059952,834,16,37310.00,654,78.42,4.30,-3.70
20-November-2017,44.00,45.90,41.65,45.60,44.510028653295128939,3141,16,139806.00,1941,61.80,4.25,1.60
17-November-2017,44.10,44.10,42.00,43.75,43.741104294478527607,815,13,35649.00,814,99.88,2.10,-0.35
13-November-2017,41.95,42.00,38.55,42.00,38.603960396039603960,202,4,7798.00,201,99.50,3.45,0.05
9-November-2017,40.00,41.90,40.00,40.00,40.009933774834437086,302,5,12083.00,302,100.00,1.90,0.00
8-November-2017,42.20,42.20,40.20,42.00,40.331325301204819277,166,5,6695.00,166,100.00,2.00,-0.20
7-November-2017,42.50,42.50,42.30,42.30,42.400000000000000000,35,3,1484.00,35,100.00,0.20,-0.20
6-November-2017,43.00,43.00,43.00,43.00,43.000000000000000000,90,2,3870.00,90,100.00,0.00,0.00
2-November-2017,44.00,44.00,44.00,44.00,44.000000000000000000,15,1,660.00,15,100.00,0.00,0.00
31-October-2017,43.00,43.00,43.00,43.00,43.000000000000000000,1,1,43.00,1,100.00,0.00,0.00
30-October-2017,43.00,43.00,43.00,43.00,43.000000000000000000,24,1,1032.00,24,100.00,0.00,0.00
25-October-2017,44.00,44.00,44.00,44.00,44.000000000000000000,10,1,440.00,10,100.00,0.00,0.00
24-October-2017,45.00,45.00,44.00,44.00,44.500000000000000000,2,2,89.00,1,50.00,1.00,-1.00
17-October-2017,44.00,44.00,44.00,44.00,44.000000000000000000,2,1,88.00,2,100.00,0.00,0.00
13-October-2017,38.10,42.10,38.10,42.10,41.221465076660988074,1174,10,48394.00,977,83.22,4.00,4.00
11-October-2017,40.10,40.10,40.10,40.10,40.100000000000000000,500,1,20050.00,500,100.00,0.00,0.00
10-October-2017,40.60,40.60,40.60,40.60,40.600000000000000000,100,2,4060.00,100,100.00,0.00,0.00
9-October-2017,39.00,42.00,38.55,38.70,38.986486486486486486,1110,4,43275.00,1110,100.00,3.45,-0.30
6-October-2017,42.90,42.90,40.55,40.55,40.615909090909090909,1320,15,53613.00,1320,100.00,2.35,-2.35
4-October-2017,42.65,42.65,42.65,42.65,42.640000000000000000,50,1,2132.00,50,100.00,0.00,0.00
3-October-2017,42.70,42.70,42.70,42.70,42.699524940617577197,842,5,35953.00,842,100.00,0.00,0.00
28-September-2017,44.90,44.90,44.90,44.90,44.750000000000000000,4,1,179.00,4,100.00,0.00,0.00
27-September-2017,45.00,45.00,45.00,45.00,45.000000000000000000,11,1,495.00,11,100.00,0.00,0.00
22-September-2017,46.00,46.00,46.00,46.00,46.000000000000000000,1,1,46.00,1,100.00,0.00,0.00
20-September-2017,47.00,47.00,43.00,45.10,43.510924369747899159,595,16,25889.00,595,100.00,4.00,-1.90
18-September-2017,45.00,45.00,45.00,45.00,45.000000000000000000,125,3,5625.00,125,100.00,0.00,0.00
14-September-2017,44.85,45.65,41.40,45.00,45.437735849056603773,265,6,12041.00,255,96.23,4.25,0.15
13-September-2017,45.90,45.90,41.75,43.50,43.052697616060225846,797,14,34313.00,749,93.98,4.15,-2.40
12-September-2017,43.80,43.80,39.85,43.75,43.352941176470588235,782,16,33902.00,777,99.36,3.95,-0.05
11-September-2017,38.00,41.75,37.85,41.75,38.956975228161668839,767,18,29880.00,650,84.75,3.90,3.75
8-September-2017,41.00,41.00,38.00,39.80,40.142857142857142857,35,3,1405.00,35,100.00,3.00,-1.20
7-September-2017,37.00,40.15,37.00,39.65,39.737606837606837606,1170,24,46493.00,1020,87.18,3.15,2.65
6-September-2017,38.25,42.20,38.25,38.25,38.381247025226082817,2101,16,80639.00,2101,100.00,3.95,0.00
4-September-2017,40.20,40.20,40.20,40.20,40.200000000000000000,400,4,16080.00,400,100.00,0.00,0.00
1-September-2017,42.30,42.30,42.30,42.30,42.300000000000000000,200,3,8460.00,200,100.00,0.00,0.00
30-August-2017,44.80,44.80,44.00,44.45,44.400000000000000000,5,5,222.00,0,0.00,0.80,-0.35
29-August-2017,42.75,42.75,42.75,42.75,42.750000000000000000,300,5,12825.00,300,100.00,0.00,0.00
28-August-2017,45.50,45.50,42.75,44.95,42.795555555555555555,225,11,9629.00,222,98.67,2.75,-0.55
24-August-2017,40.00,43.55,40.00,43.55,40.129770992366412213,131,7,5257.00,131,100.00,3.55,3.55
23-August-2017,46.05,46.05,41.80,41.80,41.882352941176470588,51,2,2136.00,51,100.00,4.25,-4.25
22-August-2017,44.80,44.80,41.00,43.95,41.123809523809523809,105,6,4318.00,102,97.14,3.80,-0.85
18-August-2017,43.95,43.95,40.10,42.70,40.132029339853300733,409,10,16414.00,406,99.27,3.85,-1.25
17-August-2017,42.15,42.15,39.00,42.15,39.058823529411764705,102,3,3984.00,101,99.02,3.15,0.00
16-August-2017,42.35,42.35,38.55,40.15,38.717625899280575539,556,13,21527.00,503,90.47,3.80,-2.20
14-August-2017,41.95,41.95,40.50,40.55,40.534201954397394136,307,4,12444.00,303,98.70,1.45,-1.40
11-August-2017,40.00,40.00,40.00,40.00,40.000000000000000000,1,1,40.00,1,100.00,0.00,0.00
10-August-2017,39.15,39.15,39.15,39.15,39.148606811145510835,323,6,12645.00,323,100.00,0.00,0.00
9-August-2017,45.25,45.25,41.20,41.20,41.216814159292035398,226,6,9315.00,226,100.00,4.05,-4.05
8-August-2017,47.80,47.80,43.35,43.35,43.500000000000000000,126,4,5481.00,125,99.21,4.45,-4.45
7-August-2017,45.60,45.60,45.60,45.60,45.000000000000000000,1,1,45.00,1,100.00,0.00,0.00
3-August-2017,44.70,44.70,43.50,43.50,43.750000000000000000,4,4,175.00,2,50.00,1.20,-1.20
2-August-2017,42.60,42.60,42.60,42.60,42.000000000000000000,1,1,42.00,1,100.00,0.00,0.00
1-August-2017,40.95,42.75,40.95,42.75,40.976000000000000000,125,4,5122.00,125,100.00,1.80,1.80
31-July-2017,43.10,43.10,43.10,43.10,43.000000000000000000,1,1,43.00,1,100.00,0.00,0.00
28-July-2017,44.40,44.40,41.10,41.10,41.142857142857142857,154,6,6336.00,150,97.40,3.30,-3.30
27-July-2017,43.05,43.05,43.05,43.05,43.046666666666666666,150,3,6457.00,150,100.00,0.00,0.00
26-July-2017,47.05,47.05,43.00,45.30,43.876106194690265486,565,14,24790.00,539,95.40,4.05,-1.75
25-July-2017,48.90,48.90,45.00,45.15,45.300884955752212389,113,10,5119.00,104,92.04,3.90,-3.75
24-July-2017,47.00,47.00,45.75,46.70,45.854545454545454545,110,6,5044.00,110,100.00,1.25,-0.30
21-July-2017,45.10,45.10,45.10,45.10,45.000000000000000000,3,3,135.00,1,33.33,0.00,0.00
20-July-2017,47.85,47.85,43.40,43.45,43.825000000000000000,80,7,3506.00,79,98.75,4.45,-4.40
19-July-2017,46.00,47.20,43.00,45.65,43.652460679857940131,1971,24,86039.00,1826,92.64,4.20,-0.35
18-July-2017,49.00,49.00,45.00,45.20,45.334494773519163763,574,22,26022.00,527,91.81,4.00,-3.80
17-July-2017,47.70,47.70,47.00,47.25,47.679936305732484076,628,8,29943.00,618,98.41,0.70,-0.45
14-July-2017,45.25,49.45,45.25,45.45,47.534313725490196078,204,10,9697.00,194,95.10,4.20,0.20
13-July-2017,47.45,49.30,45.15,47.45,47.352112676056338028,355,8,16810.00,315,88.73,4.15,0.00
12-July-2017,45.55,47.50,45.50,47.50,45.538205980066445182,301,6,13707.00,301,100.00,2.00,1.95
11-July-2017,44.35,47.50,44.35,47.50,44.358803986710963455,301,6,13352.00,300,99.67,3.15,3.15
10-July-2017,49.85,49.85,45.15,46.65,47.089517078916372202,849,11,39979.00,800,94.23,4.70,-3.20
7-July-2017,47.50,47.50,44.00,47.50,46.034042553191489361,470,11,21636.00,445,94.68,3.50,0.00
6-July-2017,45.00,47.25,42.75,45.25,44.011945392491467576,586,24,25791.00,378,64.51,4.50,0.25
5-July-2017,45.55,45.55,43.75,45.00,44.961628817541111981,1277,9,57416.00,1268,99.30,1.80,-0.55
4-July-2017,39.55,43.50,39.55,43.50,39.812789620018535681,1079,9,42958.00,1079,100.00,3.95,3.95
30-June-2017,41.60,41.60,41.60,41.60,41.599722991689750692,722,9,30035.00,722,100.00,0.00,0.00
29-June-2017,43.75,43.75,43.75,43.75,43.749494949494949494,495,5,21656.00,495,100.00,0.00,0.00
28-June-2017,46.05,46.05,46.05,46.05,46.046357615894039735,151,3,6953.00,151,100.00,0.00,0.00
27-June-2017,48.45,48.45,48.45,48.45,48.000000000000000000,1,1,48.00,1,100.00,0.00,0.00
22-June-2017,51.00,51.00,51.00,51.00,51.000000000000000000,50,1,2550.00,50,100.00,0.00,0.00
14-June-2017,52.95,52.95,52.95,52.95,52.950000000000000000,800,5,42360.00,800,100.00,0.00,0.00
9-June-2017,55.70,55.70,55.70,55.70,55.000000000000000000,1,1,55.00,1,100.00,0.00,0.00
7-June-2017,58.55,58.55,58.55,58.55,58.520000000000000000,25,5,1463.00,25,100.00,0.00,0.00
30-May-2017,55.80,61.60,55.80,61.60,57.650485436893203883,103,4,5938.00,103,100.00,5.80,5.80
29-May-2017,58.70,58.70,58.70,58.70,58.700000000000000000,250,5,14675.00,250,100.00,0.00,0.00
23-May-2017,61.75,61.75,61.75,61.75,61.000000000000000000,1,1,61.00,1,100.00,0.00,0.00
17-May-2017,65.00,65.00,65.00,65.00,65.000000000000000000,1,1,65.00,1,100.00,0.00,0.00
8-May-2017,68.40,68.40,68.40,68.40,68.400000000000000000,60,2,4104.00,60,100.00,0.00,0.00
27-April-2017,72.00,72.00,72.00,72.00,72.000000000000000000,10,1,720.00,10,100.00,0.00,0.00
26-April-2017,75.00,75.00,75.00,75.00,75.000000000000000000,7,2,525.00,7,100.00,0.00,0.00
19-April-2017,77.90,77.90,77.90,77.90,77.000000000000000000,1,1,77.00,1,100.00,0.00,0.00
18-April-2017,77.90,77.90,77.90,77.90,77.800000000000000000,5,1,389.00,5,100.00,0.00,0.00
13-April-2017,86.90,86.90,82.00,82.00,82.800000000000000000,5,3,414.00,5,100.00,4.90,-4.90
7-April-2017,83.20,83.45,83.20,83.45,83.000000000000000000,2,2,166.00,2,100.00,0.25,0.25
5-April-2017,79.50,79.50,79.50,79.50,79.000000000000000000,1,1,79.00,1,100.00,0.00,0.00
3-April-2017,76.65,76.65,76.65,76.65,76.000000000000000000,1,1,76.00,1,100.00,0.00,0.00
31-March-2017,73.00,73.00,73.00,73.00,73.000000000000000000,100,1,7300.00,100,100.00,0.00,0.00
30-March-2017,74.50,74.50,74.50,74.50,74.000000000000000000,1,1,74.00,1,100.00,0.00,0.00
29-March-2017,72.00,72.00,72.00,72.00,72.000000000000000000,1,1,72.00,1,100.00,0.00,0.00
28-March-2017,70.00,70.00,70.00,70.00,70.000000000000000000,1,1,70.00,1,100.00,0.00,0.00
24-March-2017,68.90,68.90,68.90,68.90,68.000000000000000000,1,1,68.00,1,100.00,0.00,0.00
22-March-2017,65.95,65.95,65.95,65.95,65.900000000000000000,10,1,659.00,10,100.00,0.00,0.00
21-March-2017,64.90,64.90,64.90,64.90,64.900000000000000000,10,1,649.00,10,100.00,0.00,0.00
20-March-2017,56.25,61.95,56.05,61.95,56.120398009950248756,2010,10,112802.00,2010,100.00,5.90,5.70
16-March-2017,59.00,64.00,59.00,59.00,59.085995085995085995,407,3,24048.00,407,100.00,5.00,0.00
15-March-2017,60.80,65.00,60.80,61.00,61.145224171539961013,1026,10,62735.00,1026,100.00,4.20,0.20
14-March-2017,64.00,64.00,64.00,64.00,64.000000000000000000,500,4,32000.00,500,100.00,0.00,0.00
9-March-2017,67.80,67.80,67.20,67.20,67.500000000000000000,4,2,270.00,4,100.00,0.60,-0.60
8-March-2017,64.60,64.60,64.60,64.60,64.596153846153846153,52,1,3359.00,52,100.00,0.00,0.00
7-March-2017,68.00,68.00,68.00,68.00,68.000000000000000000,100,1,6800.00,100,100.00,0.00,0.00
6-March-2017,69.50,69.50,69.50,69.50,69.500000000000000000,18,1,1251.00,18,100.00,0.00,0.00
3-March-2017,73.15,73.15,73.15,73.15,73.150000000000000000,200,1,14630.00,200,100.00,0.00,0.00
20-February-2017,77.00,77.00,77.00,77.00,77.000000000000000000,100,1,7700.00,100,100.00,0.00,0.00
16-February-2017,80.00,80.00,80.00,80.00,80.000000000000000000,10,1,800.00,10,100.00,0.00,0.00
15-February-2017,80.00,80.00,80.00,80.00,80.000000000000000000,175,1,14000.00,175,100.00,0.00,0.00
14-February-2017,84.00,84.00,84.00,84.00,84.000000000000000000,25,1,2100.00,25,100.00,0.00,0.00
13-February-2017,88.35,88.35,88.35,88.35,88.349344978165938864,229,3,20232.00,229,100.00,0.00,0.00
10-February-2017,94.40,94.40,86.45,92.95,92.450704225352112676,710,9,65640.00,308,43.38,7.95,-1.45
9-February-2017,92.60,92.60,89.50,91.00,90.434472934472934472,702,8,63485.00,700,99.72,3.10,-1.60
8-February-2017,83.00,88.20,83.00,88.20,85.819826338639652677,1382,16,118603.00,1380,99.86,5.20,5.20
7-February-2017,87.60,87.60,84.00,84.00,84.250000000000000000,12,4,1011.00,10,83.33,3.60,-3.60
6-February-2017,83.50,83.50,83.50,83.50,83.500000000000000000,800,4,66800.00,800,100.00,0.00,0.00
3-February-2017,74.90,79.55,74.90,79.55,78.153142159853569249,1639,11,128093.00,1639,100.00,4.65,4.65
1-February-2017,68.60,75.80,68.60,75.80,68.921428571428571428,420,5,28947.00,419,99.76,7.20,7.20
31-January-2017,70.00,72.45,66.00,72.20,69.576182136602451838,571,8,39728.00,571,100.00,6.45,2.20
30-January-2017,69.00,69.00,69.00,69.00,69.000000000000000000,537,5,37053.00,537,100.00,0.00,0.00
27-January-2017,60.10,66.35,60.05,66.35,62.707430340557275541,646,7,40509.00,473,73.22,6.30,6.25
25-January-2017,63.20,69.00,63.20,63.20,63.592592592592592592,243,6,15453.00,242,99.59,5.80,0.00
24-January-2017,66.50,66.50,66.50,66.50,66.500000000000000000,90,2,5985.00,90,100.00,0.00,0.00
23-January-2017,70.00,70.00,64.95,70.00,68.297029702970297029,101,4,6898.00,101,100.00,5.05,0.00
19-January-2017,68.35,68.40,68.35,68.35,68.360000000000000000,150,3,10254.00,150,100.00,0.05,0.00
17-January-2017,66.00,66.10,66.00,66.10,66.050000000000000000,200,2,13210.00,200,100.00,0.10,0.10
16-January-2017,68.75,68.75,66.00,68.50,66.259728506787330316,1105,4,73217.00,1100,99.55,2.75,-0.25
11-January-2017,63.75,66.00,63.75,66.00,64.500000000000000000,300,3,19350.00,300,100.00,2.25,2.25
9-January-2017,63.20,69.00,63.20,66.00,65.761426978818283166,897,11,58988.00,490,54.63,5.80,2.80
6-January-2017,66.50,66.50,66.50,66.50,66.500000000000000000,18,1,1197.00,18,100.00,0.00,0.00
3-January-2017,69.90,69.95,69.90,69.95,69.908396946564885496,131,3,9158.00,131,100.00,0.05,0.05
5-December-2016,67.00,70.00,67.00,70.00,67.065217391304347826,46,3,3085.00,46,100.00,3.00,3.00
30-November-2016,69.95,70.00,69.95,70.00,69.750000000000000000,4,2,279.00,2,50.00,0.05,0.05
11-November-2016,71.40,71.40,64.60,68.65,70.921696574225122349,613,8,43475.00,613,100.00,6.80,-2.75
10-November-2016,65.85,68.00,65.85,68.00,65.882352941176470588,51,2,3360.00,51,100.00,2.15,2.15
9-November-2016,69.30,69.30,62.70,69.30,63.111111111111111111,180,9,11360.00,168,93.33,6.60,0.00
8-November-2016,61.05,66.00,60.25,66.00,60.837920489296636085,327,8,19894.00,326,99.69,5.75,4.95
7-November-2016,68.25,68.25,62.10,63.30,64.000000000000000000,6,3,384.00,5,83.33,6.15,-4.95
3-November-2016,71.00,71.00,65.00,65.00,65.060000000000000000,100,4,6506.00,100,100.00,6.00,-6.00
2-November-2016,68.00,68.00,68.00,68.00,68.000000000000000000,38,1,2584.00,38,100.00,0.00,0.00
1-November-2016,65.00,69.50,65.00,69.50,68.306024096385542168,415,7,28347.00,405,97.59,4.50,4.50
27-October-2016,68.50,69.00,66.00,66.50,67.840000000000000000,25,8,1696.00,25,100.00,3.00,-2.00
26-October-2016,67.30,67.30,67.30,67.30,67.293333333333333333,75,3,5047.00,75,100.00,0.00,0.00
25-October-2016,70.80,70.80,70.80,70.80,70.800000000000000000,25,2,1770.00,25,100.00,0.00,0.00
24-October-2016,74.50,74.50,74.50,74.50,74.000000000000000000,1,1,74.00,1,100.00,0.00,0.00
21-October-2016,74.00,74.00,74.00,74.00,74.000000000000000000,1,1,74.00,1,100.00,0.00,0.00
20-October-2016,72.00,72.00,72.00,72.00,72.000000000000000000,1,1,72.00,1,100.00,0.00,0.00
19-October-2016,75.00,75.40,71.00,71.00,74.417721518987341772,79,5,5879.00,72,91.14,4.40,-4.00
17-October-2016,68.00,71.90,68.00,71.90,70.600000000000000000,15,2,1059.00,15,100.00,3.90,3.90
14-October-2016,69.60,76.00,69.60,69.65,71.200000000000000000,20,3,1424.00,20,100.00,6.40,0.05
13-October-2016,73.15,73.15,73.15,73.15,73.142857142857142857,105,3,7680.00,105,100.00,0.00,0.00
10-October-2016,74.15,77.00,74.05,77.00,74.605714285714285714,350,9,26112.00,350,100.00,2.95,2.85
7-October-2016,78.00,78.00,77.90,77.90,77.929411764705882352,170,4,13248.00,170,100.00,0.10,-0.10
6-October-2016,85.00,85.00,81.50,82.00,83.682531097890751757,3698,32,309458.00,3688,99.73,3.50,-3.00
5-October-2016,81.00,81.00,81.00,81.00,81.000000000000000000,11,2,891.00,11,100.00,0.00,0.00
4-October-2016,78.20,78.20,71.00,78.00,71.137254901960784313,204,4,14512.00,202,99.02,7.20,-0.20
3-October-2016,73.00,74.55,73.00,74.50,73.136363636363636363,22,4,1609.00,21,95.45,1.55,1.50
30-September-2016,71.00,71.00,71.00,71.00,71.000000000000000000,92,2,6532.00,92,100.00,0.00,0.00
29-September-2016,68.30,68.30,68.30,68.30,68.300000000000000000,10,2,683.00,5,50.00,0.00,0.00
26-September-2016,65.00,65.10,59.10,65.10,60.141666666666666666,120,3,7217.00,100,83.33,6.00,0.10
22-September-2016,62.00,62.00,62.00,62.00,62.000000000000000000,30,1,1860.00,30,100.00,0.00,0.00
20-September-2016,65.55,65.55,62.00,62.00,63.752336448598130841,214,6,13643.00,214,100.00,3.55,-3.55
19-September-2016,56.55,62.45,56.55,62.45,58.846153846153846153,195,3,11475.00,195,100.00,5.90,5.90
16-September-2016,59.25,59.50,59.25,59.50,59.475000000000000000,200,2,11895.00,200,100.00,0.25,0.25
15-September-2016,64.00,65.00,58.90,62.35,62.307692307692307692,13,4,810.00,9,69.23,6.10,-1.65
6-September-2016,62.00,62.00,62.00,62.00,62.000000000000000000,70,3,4340.00,70,100.00,0.00,0.00
2-September-2016,65.00,65.00,65.00,65.00,65.000000000000000000,10,1,650.00,10,100.00,0.00,0.00
1-September-2016,66.40,66.40,66.00,66.30,66.371040723981900452,221,13,14668.00,221,100.00,0.40,-0.10
31-August-2016,63.40,63.40,63.40,63.40,63.398891966759002770,361,7,22887.00,361,100.00,0.00,0.00
30-August-2016,57.60,60.90,57.50,60.40,58.450424929178470254,353,9,20633.00,293,83.00,3.40,2.80
29-August-2016,56.50,59.00,56.05,59.00,56.441995359628770301,862,13,48653.00,858,99.54,2.95,2.50
26-August-2016,51.00,56.30,51.00,56.30,52.811955661124307205,2526,9,133403.00,2526,100.00,5.30,5.30
23-August-2016,53.65,53.65,53.65,53.65,53.648111332007952286,503,4,26985.00,502,99.80,0.00,0.00
22-August-2016,51.15,56.45,51.15,56.45,51.198019801980198019,202,3,10342.00,202,100.00,5.30,5.30
19-August-2016,53.80,53.80,53.80,53.80,53.000000000000000000,1,1,53.00,1,100.00,0.00,0.00
18-August-2016,52.05,52.05,52.05,52.05,52.000000000000000000,1,1,52.00,1,100.00,0.00,0.00
17-August-2016,49.60,49.60,49.60,49.60,49.000000000000000000,1,1,49.00,1,100.00,0.00,0.00
16-August-2016,52.00,52.20,52.00,52.20,52.066666666666666666,300,2,15620.00,300,100.00,0.20,0.20
12-August-2016,52.00,52.00,52.00,52.00,52.000000000000000000,1,1,52.00,1,100.00,0.00,0.00
11-August-2016,54.70,54.70,54.70,54.70,54.000000000000000000,1,1,54.00,1,100.00,0.00,0.00
9-August-2016,52.00,52.25,52.00,52.15,52.000000000000000000,4,2,208.00,2,50.00,0.25,0.15
8-August-2016,49.80,49.80,49.80,49.80,49.800000000000000000,200,2,9960.00,200,100.00,0.00,0.00
5-August-2016,47.45,47.45,47.45,47.45,47.450000000000000000,100,1,4745.00,100,100.00,0.00,0.00
4-August-2016,45.20,45.20,45.20,45.20,45.200000000000000000,100,2,4520.00,100,100.00,0.00,0.00
3-August-2016,43.05,43.05,43.05,43.05,43.050000000000000000,20,2,861.00,10,50.00,0.00,0.00
2-August-2016,47.10,47.10,45.10,45.30,45.660000000000000000,250,3,11415.00,250,100.00,2.00,-1.80
1-August-2016,47.10,47.10,47.10,47.10,47.100000000000000000,100,1,4710.00,100,100.00,0.00,0.00
26-July-2016,51.00,51.00,48.45,48.45,49.358295674628792769,1549,6,76456.00,1498,96.71,2.55,-2.55
25-July-2016,51.00,51.00,51.00,51.00,51.000000000000000000,4,2,204.00,2,50.00,0.00,0.00
22-July-2016,49.25,49.25,49.25,49.25,49.000000000000000000,2,1,98.00,2,100.00,0.00,0.00
20-July-2016,47.25,47.25,47.20,47.20,47.215719063545150501,598,5,28235.00,598,100.00,0.05,-0.05
18-July-2016,54.00,54.00,49.40,49.55,49.863523573200992555,403,11,20095.00,400,99.26,4.60,-4.45
15-July-2016,51.95,51.95,51.95,51.95,51.000000000000000000,1,1,51.00,1,100.00,0.00,0.00
12-July-2016,46.45,50.70,46.30,50.35,46.445595854922279792,193,6,8964.00,191,98.96,4.40,3.90
11-July-2016,47.95,48.50,47.95,48.40,48.163934426229508196,488,5,23504.00,488,100.00,0.55,0.45
8-July-2016,45.30,48.20,45.30,46.20,45.942334739803094233,1422,14,65330.00,1000,70.32,2.90,0.90
7-July-2016,47.10,51.50,47.10,47.65,47.394014962593516209,401,6,19005.00,401,100.00,4.40,0.55
5-July-2016,49.55,54.45,49.55,49.55,49.578207381370826010,1707,22,84630.00,1704,99.82,4.90,0.00
4-July-2016,55.50,55.50,52.15,52.15,52.497000000000000000,1000,6,52497.00,1000,100.00,3.35,-3.35
1-July-2016,49.65,54.85,49.65,54.85,50.594373865698729582,1102,10,55755.00,900,81.67,5.20,5.20
29-June-2016,52.35,52.35,52.25,52.25,52.253333333333333333,300,4,15676.00,300,100.00,0.10,-0.10
28-June-2016,54.95,55.00,54.80,55.00,54.969964664310954063,1698,20,93339.00,1698,100.00,0.20,0.05
27-June-2016,50.65,55.00,50.65,55.00,50.654422253922967189,2804,4,142035.00,2804,100.00,4.35,4.35
21-June-2016,53.25,53.30,53.25,53.30,53.250000000000000000,4,2,213.00,2,50.00,0.05,0.05
20-June-2016,50.80,50.80,50.80,50.80,50.764705882352941176,17,1,863.00,17,100.00,0.00,0.00
17-June-2016,53.45,53.45,53.45,53.45,53.444444444444444444,117,2,6253.00,117,100.00,0.00,0.00
15-June-2016,56.25,56.25,56.25,56.25,56.241379310344827586,29,2,1631.00,29,100.00,0.00,0.00
14-June-2016,59.20,59.20,59.20,59.20,59.200000000000000000,10,4,592.00,8,80.00,0.00,0.00
10-June-2016,56.65,62.50,56.65,62.30,61.790000000000000000,100,4,6179.00,45,45.00,5.85,5.65
6-June-2016,59.65,59.65,59.55,59.60,59.600000000000000000,10,2,596.00,5,50.00,0.10,-0.05
3-June-2016,56.85,56.85,56.85,56.85,56.000000000000000000,1,1,56.00,1,100.00,0.00,0.00
2-June-2016,54.90,54.90,54.90,54.90,54.900000000000000000,10,1,549.00,10,100.00,0.00,0.00
31-May-2016,52.40,52.40,52.30,52.35,52.300000000000000000,10,2,523.00,0,0.00,0.10,-0.05
30-May-2016,50.00,50.00,50.00,50.00,50.000000000000000000,2,2,100.00,1,50.00,0.00,0.00
26-May-2016,44.50,47.95,43.50,47.85,45.568832348932303498,2201,9,100297.00,1700,77.24,4.45,3.35
25-May-2016,45.70,47.00,45.70,45.70,45.970297029702970297,101,3,4643.00,101,100.00,1.30,0.00
24-May-2016,48.00,48.00,48.00,48.00,48.000000000000000000,5,1,240.00,5,100.00,0.00,0.00
23-May-2016,49.65,49.65,49.65,49.65,49.650000000000000000,20,1,993.00,20,100.00,0.00,0.00
19-May-2016,52.25,52.25,52.25,52.25,52.246031746031746031,126,3,6583.00,126,100.00,0.00,0.00
17-May-2016,55.00,55.00,55.00,55.00,55.000000000000000000,5,1,275.00,5,100.00,0.00,0.00
13-May-2016,47.65,52.55,47.60,52.50,48.601593625498007968,251,12,12199.00,246,98.01,4.95,4.85
12-May-2016,54.60,54.60,50.05,50.05,52.300000000000000000,10,2,523.00,10,100.00,4.55,-4.55
11-May-2016,49.90,52.35,49.90,52.35,50.704697986577181208,149,4,7555.00,100,67.11,2.45,2.45
10-May-2016,49.90,49.90,49.90,49.90,49.900000000000000000,200,1,9980.00,200,100.00,0.00,0.00
9-May-2016,45.10,47.75,45.10,47.75,46.364378300528084493,2083,16,96577.00,1325,63.61,2.65,2.65
4-May-2016,45.50,45.50,45.50,45.50,45.500000000000000000,100,1,4550.00,100,100.00,0.00,0.00
2-May-2016,46.75,47.15,46.75,47.15,46.824000000000000000,125,3,5853.00,100,80.00,0.40,0.40
27-April-2016,44.15,48.40,44.15,48.40,46.366666666666666666,210,6,9737.00,105,50.00,4.25,4.25
25-April-2016,46.10,46.10,46.10,46.10,46.000000000000000000,3,1,138.00,3,100.00,0.00,0.00
13-April-2016,51.55,51.55,48.05,48.05,49.800000000000000000,100,2,4980.00,50,50.00,3.50,-3.50
12-April-2016,45.10,49.10,45.00,49.10,46.400000000000000000,300,5,13920.00,200,66.67,4.10,4.00
11-April-2016,42.55,46.80,42.55,46.80,44.675000000000000000,200,4,8935.00,100,50.00,4.25,4.25
8-April-2016,44.60,44.60,44.60,44.60,44.500000000000000000,4,2,178.00,2,50.00,0.00,0.00
6-April-2016,44.75,46.70,42.50,46.70,43.842500000000000000,400,6,17537.00,300,75.00,4.20,1.95
5-April-2016,44.50,44.50,44.50,44.50,44.500000000000000000,50,1,2225.00,50,100.00,0.00,0.00
1-April-2016,41.10,45.40,41.10,45.40,43.200000000000000000,10,2,432.00,5,50.00,4.30,4.30
31-March-2016,43.25,43.25,43.25,43.25,43.250000000000000000,200,1,8650.00,200,100.00,0.00,0.00
30-March-2016,41.20,41.20,41.20,41.20,41.200000000000000000,200,2,8240.00,200,100.00,0.00,0.00
29-March-2016,43.35,43.35,43.35,43.35,43.200000000000000000,5,1,216.00,5,100.00,0.00,0.00
28-March-2016,45.60,45.60,45.60,45.60,45.600000000000000000,5,1,228.00,5,100.00,0.00,0.00
23-March-2016,47.85,47.85,47.85,47.85,47.840000000000000000,50,1,2392.00,50,100.00,0.00,0.00
22-March-2016,45.60,45.60,45.60,45.60,45.600000000000000000,5,1,228.00,5,100.00,0.00,0.00
18-March-2016,47.60,47.60,47.60,47.60,47.600000000000000000,5,1,238.00,5,100.00,0.00,0.00
17-March-2016,48.85,48.85,48.85,48.85,48.850000000000000000,600,5,29310.00,600,100.00,0.00,0.00
15-March-2016,46.45,46.55,46.45,46.55,46.545871559633027522,218,2,10147.00,218,100.00,0.10,0.10
14-March-2016,48.85,48.85,48.85,48.85,48.850000000000000000,200,1,9770.00,200,100.00,0.00,0.00
10-March-2016,46.55,46.55,46.55,46.55,46.400000000000000000,5,1,232.00,5,100.00,0.00,0.00
9-March-2016,48.45,48.45,48.45,48.45,48.333333333333333333,6,1,290.00,6,100.00,0.00,0.00
8-March-2016,51.00,51.00,51.00,51.00,51.000000000000000000,4,1,204.00,4,100.00,0.00,0.00
3-March-2016,53.25,53.25,53.25,53.25,53.200000000000000000,10,1,532.00,10,100.00,0.00,0.00
2-March-2016,51.00,56.05,50.75,56.05,54.341059602649006622,302,5,16411.00,102,33.77,5.30,5.05
1-March-2016,53.50,53.50,53.40,53.40,53.400000000000000000,10,2,534.00,10,100.00,0.10,-0.10
26-February-2016,56.20,56.20,56.20,56.20,56.200000000000000000,10,2,562.00,10,100.00,0.00,0.00
25-February-2016,59.15,59.15,59.00,59.10,59.075000000000000000,200,2,11815.00,0,0.00,0.15,-0.05
24-February-2016,51.40,56.80,51.40,56.35,55.736000000000000000,250,5,13934.00,50,20.00,5.40,4.95
23-February-2016,54.10,54.10,54.10,54.10,54.100000000000000000,20,1,1082.00,20,100.00,0.00,0.00
22-February-2016,56.90,56.90,56.90,56.90,56.885714285714285714,35,1,1991.00,35,100.00,0.00,0.00
19-February-2016,59.85,59.85,59.85,59.85,59.850000000000000000,100,1,5985.00,100,100.00,0.00,0.00
18-February-2016,57.00,57.00,57.00,57.00,57.000000000000000000,5,1,285.00,5,100.00,0.00,0.00
17-February-2016,56.80,59.95,56.80,57.10,57.481481481481481481,27,5,1552.00,22,81.48,3.15,0.30
16-February-2016,54.85,60.55,54.85,59.75,58.890034364261168384,291,9,17137.00,76,26.12,5.70,4.90
15-February-2016,54.50,60.20,54.50,57.70,57.000000000000000000,45,6,2565.00,25,55.56,5.70,3.20
12-February-2016,57.35,57.35,57.35,57.35,57.000000000000000000,1,1,57.00,1,100.00,0.00,0.00
11-February-2016,60.35,61.00,60.35,60.35,60.527472527472527472,364,9,22032.00,364,100.00,0.65,0.00
10-February-2016,63.50,63.50,63.50,63.50,63.400000000000000000,5,1,317.00,5,100.00,0.00,0.00
9-February-2016,60.80,66.80,60.80,66.80,66.629268292682926829,205,3,13659.00,5,2.44,6.00,6.00
5-February-2016,58.00,64.00,58.00,63.95,63.833333333333333333,204,3,13022.00,4,1.96,6.00,5.95
4-February-2016,61.00,61.00,61.00,61.00,61.000000000000000000,5,1,305.00,5,100.00,0.00,0.00
3-February-2016,62.70,62.70,62.70,62.70,62.700000000000000000,10,1,627.00,10,100.00,0.00,0.00
2-February-2016,65.35,66.00,65.35,66.00,65.650000000000000000,20,2,1313.00,10,50.00,0.65,0.65
1-February-2016,69.50,69.90,67.05,67.45,69.300000000000000000,1310,11,90783.00,1305,99.62,2.85,-2.05
29-January-2016,70.00,70.00,69.45,69.45,69.650118203309692671,423,6,29462.00,323,76.36,0.55,-0.55
28-January-2016,68.75,75.45,68.40,73.10,70.094513274336283185,2825,31,198017.00,1854,65.63,7.05,4.35
27-January-2016,72.00,72.00,72.00,72.00,72.000000000000000000,500,1,36000.00,500,100.00,0.00,0.00
25-January-2016,75.30,75.30,75.30,75.30,75.300000000000000000,50,1,3765.00,50,100.00,0.00,0.00
22-January-2016,73.25,79.50,73.25,79.25,78.250000000000000000,240,4,18780.00,40,16.67,6.25,6.00
21-January-2016,76.90,76.90,76.90,76.90,76.890243902439024390,82,3,6305.00,70,85.37,0.00,0.00
19-January-2016,67.90,74.00,67.90,74.00,71.458333333333333333,24,2,1715.00,24,100.00,6.10,6.10
18-January-2016,72.25,72.25,69.30,70.90,70.870731707317073170,410,6,29057.00,410,100.00,2.95,-1.35
15-January-2016,74.00,74.00,72.90,72.90,73.567567567567567567,37,2,2722.00,37,100.00,1.10,-1.10
14-January-2016,74.30,80.90,74.10,74.25,74.392592592592592592,405,9,30129.00,294,72.59,6.80,-0.05
13-January-2016,82.00,82.00,78.00,78.00,81.286885245901639344,122,4,9917.00,122,100.00,4.00,-4.00
12-January-2016,88.00,88.00,82.00,82.10,82.104166666666666666,240,4,19705.00,240,100.00,6.00,-5.90
8-January-2016,82.00,85.25,82.00,85.25,82.125000000000000000,104,2,8541.00,104,100.00,3.25,3.25
7-January-2016,81.35,81.35,81.35,81.35,81.349310094408133623,1377,5,112018.00,1377,100.00,0.00,0.00
6-January-2016,76.50,77.70,74.00,77.50,75.503139013452914798,1115,10,84186.00,1026,92.02,3.70,1.00
5-January-2016,74.00,74.00,74.00,74.00,74.000000000000000000,84,2,6216.00,84,100.00,0.00,0.00
4-January-2016,72.00,75.00,72.00,75.00,73.500000000000000000,200,2,14700.00,100,50.00,3.00,3.00
1-January-2016,79.00,79.00,75.25,75.70,77.242636746143057503,713,9,55074.00,613,85.97,3.75,-3.30
31-December-2015,78.00,82.90,78.00,79.00,78.783529411764705882,850,10,66966.00,500,58.82,4.90,1.00
30-December-2015,79.20,79.20,79.20,79.20,79.190476190476190476,21,1,1663.00,21,100.00,0.00,0.00
28-December-2015,76.15,80.00,76.00,80.00,76.863858593456186536,2659,28,204381.00,2054,77.25,4.00,3.85
24-December-2015,78.05,80.00,78.05,80.00,79.016666666666666666,300,5,23705.00,200,66.67,1.95,1.95
23-December-2015,80.40,84.40,80.40,81.10,81.938709677419354838,310,8,25401.00,100,32.26,4.00,0.70
22-December-2015,84.75,88.40,84.55,84.55,84.649717514124293785,177,7,14983.00,177,100.00,3.85,-0.20
21-December-2015,88.95,88.95,88.95,88.95,88.000000000000000000,1,1,88.00,1,100.00,0.00,0.00
18-December-2015,94.50,94.50,89.90,89.90,92.348837209302325581,43,5,3971.00,43,100.00,4.60,-4.60
17-December-2015,90.00,90.00,90.00,90.00,90.000000000000000000,1,1,90.00,1,100.00,0.00,0.00
15-December-2015,86.40,86.40,86.40,86.40,86.400000000000000000,10,2,864.00,0,0.00,0.00,0.00
14-December-2015,86.90,86.90,78.90,83.00,82.070129870129870129,385,7,31597.00,285,74.03,8.00,-3.90
11-December-2015,77.00,83.00,77.00,83.00,77.031746031746031746,189,4,14559.00,189,100.00,6.00,6.00
10-December-2015,79.05,79.05,79.05,79.05,79.000000000000000000,10,1,790.00,10,100.00,0.00,0.00
8-December-2015,83.10,83.10,83.10,83.10,83.100000000000000000,300,3,24930.00,300,100.00,0.00,0.00
7-December-2015,90.00,91.50,87.00,87.00,88.312500000000000000,400,7,35325.00,400,100.00,4.50,-3.00
3-December-2015,87.35,87.35,87.35,87.35,87.350000000000000000,60,1,5241.00,60,100.00,0.00,0.00
2-December-2015,84.60,84.60,84.60,84.60,84.600000000000000000,300,3,25380.00,300,100.00,0.00,0.00
30-November-2015,81.70,89.00,81.70,89.00,81.724637681159420289,276,3,22556.00,276,100.00,7.30,7.30
20-November-2015,80.10,85.95,80.10,85.95,80.112219451371571072,401,7,32125.00,400,99.75,5.85,5.85
19-November-2015,84.30,84.45,84.20,84.30,84.297142857142857142,525,8,44256.00,500,95.24,0.25,0.00
18-November-2015,88.60,88.60,88.60,88.60,88.600000000000000000,25,1,2215.00,25,100.00,0.00,0.00
17-November-2015,93.25,93.25,93.25,93.25,93.250000000000000000,100,1,9325.00,100,100.00,0.00,0.00
16-November-2015,98.10,99.00,93.10,98.15,97.613466334164588528,802,14,78286.00,716,89.28,5.90,0.05
13-November-2015,98.00,98.00,90.00,97.95,95.773874862788144895,911,8,87250.00,101,11.09,8.00,-0.05
10-November-2015,90.00,94.65,90.00,94.65,92.300000000000000000,20,2,1846.00,0,0.00,4.65,4.65
9-November-2015,83.00,90.85,83.00,90.85,83.283224400871459694,459,11,38227.00,450,98.04,7.85,7.85
6-November-2015,87.35,87.40,87.35,87.35,87.356410256410256410,780,5,68138.00,780,100.00,0.05,0.00
5-November-2015,93.00,93.00,85.10,91.90,88.775000000000000000,800,4,71020.00,0,0.00,7.90,-1.10
4-November-2015,89.10,89.10,88.90,88.90,88.965517241379310344,145,3,12900.00,145,100.00,0.20,-0.20
3-November-2015,89.85,89.85,89.85,89.85,89.842105263157894736,95,3,8535.00,95,100.00,0.00,0.00
2-November-2015,94.65,94.65,94.55,94.55,94.560000000000000000,50,5,4728.00,50,100.00,0.10,-0.10
30-October-2015,99.50,99.50,99.50,99.50,99.500000000000000000,50,1,4975.00,50,100.00,0.00,0.00
28-October-2015,100.00,100.00,99.60,99.60,99.909090909090909090,11,2,1099.00,10,90.91,0.40,-0.40
27-October-2015,104.80,104.80,104.80,104.80,104.000000000000000000,1,1,104.00,1,100.00,0.00,0.00
26-October-2015,100.00,104.80,95.10,104.70,97.629370629370629370,143,12,13961.00,105,73.43,9.70,4.70
23-October-2015,96.00,100.80,95.00,100.10,98.846153846153846153,1300,5,128500.00,500,38.46,5.80,4.10
16-October-2015,100.00,100.00,95.60,96.00,97.203333333333333333,300,5,29161.00,200,66.67,4.40,-4.00
15-October-2015,100.00,100.00,100.00,100.00,100.000000000000000000,100,1,10000.00,100,100.00,0.00,0.00
14-October-2015,100.00,100.00,100.00,100.00,100.000000000000000000,100,1,10000.00,100,100.00,0.00,0.00
13-October-2015,108.70,108.70,100.00,100.00,105.800000000000000000,150,2,15870.00,150,100.00,8.70,-8.70
12-October-2015,103.60,103.60,103.60,103.60,103.600000000000000000,20,2,2072.00,20,100.00,0.00,0.00
9-October-2015,101.70,109.00,101.70,109.00,108.692307692307692307,104,3,11304.00,104,100.00,7.30,7.30
8-October-2015,110.00,110.00,106.40,106.40,109.715725806451612903,992,10,108838.00,931,93.85,3.60,-3.60
7-October-2015,108.00,112.00,108.00,112.00,109.736842105263157894,475,9,52125.00,475,100.00,4.00,4.00
6-October-2015,110.50,111.00,107.00,110.20,109.752272727272727272,1320,33,144873.00,1230,93.18,4.00,-0.30
5-October-2015,104.00,107.90,103.00,106.90,104.828635851183765501,887,24,92983.00,872,98.31,4.90,2.90
1-October-2015,99.00,108.50,92.00,103.90,101.240752757949383517,1541,31,156012.00,1483,96.24,16.50,4.90
30-September-2015,95.00,104.80,95.00,101.00,99.825926899815934788,3803,33,379638.00,3000,78.89,9.80,6.00
28-September-2015,99.00,99.00,99.00,99.00,99.000000000000000000,25,2,2475.00,25,100.00,0.00,0.00
21-September-2015,99.00,99.00,95.00,98.45,97.466666666666666666,30,3,2924.00,20,66.67,4.00,-0.55
16-September-2015,100.95,100.95,99.00,99.25,99.666666666666666666,3,3,299.00,1,33.33,1.95,-1.70
15-September-2015,85.95,93.90,80.80,92.35,91.756363636363636363,275,9,25233.00,75,27.27,13.10,6.40
11-September-2015,83.00,89.85,83.00,88.90,84.714285714285714285,7,3,593.00,5,71.43,6.85,5.90
10-September-2015,89.90,89.90,84.90,84.90,88.875000000000000000,32,5,2844.00,25,78.12,5.00,-5.00
7-September-2015,96.50,96.50,84.50,84.50,90.500000000000000000,600,2,54300.00,0,0.00,12.00,-12.00
4-September-2015,76.50,99.80,76.50,86.15,86.692715231788079470,755,10,65453.00,109,14.44,23.30,9.65
3-September-2015,87.20,87.20,87.15,87.15,87.160000000000000000,50,2,4358.00,50,100.00,0.05,-0.05
2-September-2015,96.00,100.00,95.00,100.00,98.200000000000000000,5,4,491.00,3,60.00,5.00,4.00
1-September-2015,85.00,93.00,84.00,92.90,88.872380952380952380,525,20,46658.00,265,50.48,9.00,7.90
31-August-2015,84.05,92.80,84.00,92.80,84.207207207207207207,111,5,9347.00,100,90.09,8.80,8.75
28-August-2015,97.00,97.00,97.00,97.00,97.000000000000000000,4,2,388.00,0,0.00,0.00,0.00
25-August-2015,89.00,89.00,80.10,89.00,84.550000000000000000,600,6,50730.00,0,0.00,8.90,0.00
24-August-2015,85.00,92.90,82.30,85.15,83.149700598802395209,334,11,27772.00,300,89.82,10.60,0.15
21-August-2015,90.00,98.95,88.50,92.95,90.067226890756302521,1071,26,96462.00,500,46.69,10.45,2.95
20-August-2015,91.10,98.00,91.10,94.50,93.436923076923076923,325,16,30367.00,100,30.77,6.90,3.40
19-August-2015,105.00,108.00,93.10,95.10,100.166261151662611516,1233,27,123505.00,657,53.28,14.90,-9.90
18-August-2015,93.00,106.90,90.00,98.45,95.552338530066815144,898,30,85806.00,567,63.14,16.90,5.45
17-August-2015,82.20,108.50,82.20,90.90,92.539049235993208828,1178,36,109011.00,572,48.56,26.30,8.70
14-August-2015,90.00,95.00,90.00,95.00,90.049504950495049504,101,2,9095.00,101,100.00,5.00,5.00
13-August-2015,95.20,100.00,95.00,97.80,96.990712074303405572,646,11,62656.00,400,61.92,5.00,2.60
12-August-2015,86.10,103.85,86.10,103.85,89.064516129032258064,31,5,2761.00,21,67.74,17.75,17.75
11-August-2015,104.90,104.90,96.50,96.55,96.854077253218884120,233,16,22567.00,226,97.00,8.40,-8.35
10-August-2015,95.00,100.00,95.00,98.55,97.341645885286783042,802,9,78068.00,300,37.41,5.00,3.55
7-August-2015,101.10,102.90,101.10,102.90,101.108910891089108910,101,2,10212.00,101,100.00,1.80,1.80
3-August-2015,98.00,104.80,96.00,104.80,99.754504504504504504,888,7,88582.00,610,68.69,8.80,6.80
31-July-2015,98.00,98.00,98.00,98.00,98.000000000000000000,20,1,1960.00,20,100.00,0.00,0.00
29-July-2015,100.00,103.70,100.00,103.70,100.601612903225806451,620,6,62373.00,610,98.39,3.70,3.70
28-July-2015,97.00,100.00,97.00,99.00,98.661654135338345864,266,4,26244.00,266,100.00,3.00,2.00
24-July-2015,100.10,100.10,100.00,100.00,100.040000000000000000,100,2,10004.00,100,100.00,0.10,-0.10
23-July-2015,105.00,105.00,105.00,105.00,105.000000000000000000,100,1,10500.00,100,100.00,0.00,0.00
21-July-2015,105.00,110.90,99.00,105.00,103.246223564954682779,662,10,68349.00,656,99.09,11.90,0.00
17-July-2015,101.00,101.00,101.00,101.00,101.000000000000000000,100,2,10100.00,100,100.00,0.00,0.00
16-July-2015,100.00,104.00,100.00,101.00,101.003225806451612903,310,6,31311.00,305,98.39,4.00,1.00
15-July-2015,99.00,99.00,98.00,98.50,98.500000000000000000,100,2,9850.00,100,100.00,1.00,-0.50
14-July-2015,98.70,98.80,98.70,98.80,98.700000000000000000,10,4,987.00,5,50.00,0.10,0.10
13-July-2015,108.90,108.90,108.90,108.90,108.500000000000000000,2,2,217.00,2,100.00,0.00,0.00
10-July-2015,99.00,105.00,99.00,104.60,103.521978021978021978,2366,14,244933.00,2366,100.00,6.00,5.60
9-July-2015,98.00,104.00,95.20,97.30,98.199083169613621480,1527,60,149950.00,1409,92.27,8.80,-0.70
3-July-2015,103.00,105.10,103.00,104.60,104.566121842496285289,6057,17,633357.00,6052,99.92,2.10,1.60
2-July-2015,100.40,104.00,97.10,100.00,98.650490196078431372,2040,29,201247.00,1500,73.53,6.90,-0.40
1-July-2015,102.20,104.80,102.00,102.50,102.149870801033591731,774,9,79064.00,684,88.37,2.80,0.30
29-June-2015,103.00,105.00,103.00,105.00,103.090909090909090909,110,3,11340.00,100,90.91,2.00,2.00
26-June-2015,107.50,108.90,100.00,108.90,103.663473053892215568,835,26,86559.00,549,65.75,8.90,1.40
25-June-2015,103.00,105.00,103.00,105.00,104.399082568807339449,436,4,45518.00,436,100.00,2.00,2.00
24-June-2015,110.00,114.40,101.00,104.70,102.787654320987654320,405,18,41629.00,297,73.33,13.40,-5.30
23-June-2015,108.00,108.00,103.00,105.00,104.382334774552192711,1619,20,168995.00,1619,100.00,5.00,-3.00
22-June-2015,102.10,107.90,100.00,103.90,102.987623762376237623,808,28,83214.00,601,74.38,7.90,1.80
19-June-2015,112.50,112.50,112.50,112.50,112.400000000000000000,5,1,562.00,5,100.00,0.00,0.00
18-June-2015,102.10,105.90,101.00,105.00,102.607483403741701870,8285,36,850103.00,5835,70.43,4.90,2.90
17-June-2015,100.00,107.80,98.00,105.00,104.502102944121770478,4993,35,521779.00,4128,82.68,9.80,5.00
16-June-2015,107.90,107.90,95.60,104.80,104.436855670103092783,1552,27,162086.00,1161,74.81,12.30,-3.10
15-June-2015,93.70,105.00,93.70,104.50,97.203619909502262443,221,20,21482.00,108,48.87,11.30,10.80
12-June-2015,97.40,97.80,97.40,97.50,97.606451612903225806,310,6,30258.00,300,96.77,0.40,0.10
11-June-2015,100.20,100.20,97.50,97.50,99.742857142857142857,70,3,6982.00,60,85.71,2.70,-2.70
10-June-2015,105.00,106.00,102.00,105.60,104.759022118742724097,859,24,89988.00,840,97.79,4.00,0.60
9-June-2015,103.60,106.00,98.00,103.80,104.390541024722321748,2791,72,291354.00,2399,85.95,8.00,0.20
8-June-2015,107.00,107.00,99.20,99.40,100.636904761904761904,168,12,16907.00,86,51.19,7.80,-7.60
5-June-2015,104.00,109.00,103.40,107.90,103.748587570621468926,354,12,36727.00,352,99.44,5.60,3.90
4-June-2015,93.10,103.30,93.10,102.50,99.870034330554193231,2039,40,203635.00,1545,75.77,10.20,9.40
3-June-2015,100.00,104.90,96.00,96.10,100.284341209451341609,4994,58,500820.00,3929,78.67,8.90,-3.90
2-June-2015,108.50,108.50,96.00,96.00,96.158415841584158415,101,5,9712.00,100,99.01,12.50,-12.50
1-June-2015,100.00,108.40,90.00,100.70,98.306041091689665746,9783,98,961728.00,6327,64.67,18.40,0.70
29-May-2015,103.75,108.40,103.00,105.05,105.197011403853716083,5086,38,535032.00,4860,95.56,5.40,1.30
28-May-2015,103.00,103.00,94.30,97.95,99.512859051436205744,5988,63,595883.00,4221,70.49,8.70,-5.05
27-May-2015,90.00,100.90,90.00,97.65,96.052848885218827415,1211,24,116320.00,435,35.92,10.90,7.65
26-May-2015,92.00,92.00,92.00,92.00,92.000000000000000000,300,2,27600.00,300,100.00,0.00,0.00
25-May-2015,91.00,92.00,91.00,92.00,91.250000000000000000,200,3,18250.00,200,100.00,1.00,1.00
22-May-2015,93.00,95.00,91.60,91.60,93.120000000000000000,250,4,23280.00,250,100.00,3.40,-1.40
21-May-2015,103.15,103.15,93.00,93.00,95.831908831908831908,351,10,33637.00,260,74.07,10.15,-10.15
20-May-2015,98.00,98.00,96.00,96.00,97.337792642140468227,299,5,29104.00,297,99.33,2.00,-2.00
19-May-2015,99.00,99.00,91.30,97.00,96.922588832487309644,788,21,76375.00,538,68.27,7.70,-2.00
18-May-2015,91.10,95.00,85.00,94.95,89.817733990147783251,203,8,18233.00,201,99.01,10.00,3.85
14-May-2015,93.00,98.00,88.00,94.75,93.846153846153846153,91,11,8540.00,52,57.14,10.00,1.75
13-May-2015,103.30,103.30,96.50,96.50,99.833333333333333333,6,2,599.00,3,50.00,6.80,-6.80
12-May-2015,100.00,100.00,89.95,90.50,90.203685741998060135,1031,14,93000.00,1011,98.06,10.05,-9.50
8-May-2015,86.40,86.40,86.40,86.40,86.400000000000000000,200,2,17280.00,200,100.00,0.00,0.00
6-May-2015,86.50,86.50,86.40,86.40,86.454545454545454545,110,8,9510.00,100,90.91,0.10,-0.10
5-May-2015,86.30,95.00,86.25,94.05,91.556591211717709720,751,30,68759.00,449,59.79,8.75,7.75
4-May-2015,86.10,96.50,85.30,93.15,88.678455095393206142,2149,111,190570.00,1149,53.47,11.20,7.05
30-April-2015,85.00,97.00,82.10,95.60,88.709352517985611510,695,51,61653.00,600,86.33,14.90,10.60
29-April-2015,92.95,92.95,82.00,86.95,85.997295469912102772,1479,49,127190.00,1150,77.76,10.95,-6.00
28-April-2015,82.50,92.80,81.50,90.00,89.327125506072874493,1235,23,110319.00,1130,91.50,11.30,7.50
27-April-2015,85.10,99.00,77.15,89.00,90.895680819912152269,2732,39,248327.00,2378,87.04,21.85,3.90
24-April-2015,94.95,100.00,83.00,85.10,94.438596491228070175,513,23,48447.00,456,88.89,17.00,-9.85
23-April-2015,83.00,95.00,75.00,91.00,87.833421750663129973,3770,52,331132.00,3754,99.58,20.00,8.00
22-April-2015,84.00,84.00,84.00,84.00,84.000000000000000000,100,2,8400.00,100,100.00,0.00,0.00
21-April-2015,74.80,74.80,74.80,74.80,74.799382716049382716,324,2,24235.00,324,100.00,0.00,0.00
17-April-2015,78.00,80.05,78.00,80.00,79.916151809355692850,1133,10,90545.00,1133,100.00,2.05,2.00
16-April-2015,84.00,84.00,78.55,80.00,80.770566727605118829,5470,42,441815.00,5470,100.00,5.45,-4.00
15-April-2015,82.15,82.50,80.10,82.00,81.557260920897284533,847,16,69079.00,747,88.19,2.40,-0.15
13-April-2015,82.60,86.00,82.60,84.50,83.250000000000000000,800,14,66600.00,800,100.00,3.40,1.90
10-April-2015,78.10,78.10,77.00,77.50,77.524545454545454545,1100,10,85277.00,1100,100.00,1.10,-0.60
9-April-2015,78.00,78.00,78.00,78.00,78.000000000000000000,100,2,7800.00,100,100.00,0.00,0.00
8-April-2015,80.00,80.00,80.00,80.00,80.000000000000000000,150,3,12000.00,150,100.00,0.00,0.00
7-April-2015,80.00,80.10,77.00,80.00,78.441489361702127659,188,10,14747.00,173,92.02,3.10,0.00
1-April-2015,79.90,83.95,79.90,83.20,80.580645161290322580,620,20,49960.00,560,90.32,4.05,3.30
31-March-2015,75.35,75.35,75.35,75.35,75.350000000000000000,200,2,15070.00,200,100.00,0.00,0.00
27-March-2015,75.00,75.00,75.00,75.00,75.000000000000000000,100,2,7500.00,100,100.00,0.00,0.00
25-March-2015,75.10,75.10,75.00,75.00,75.000000000000000000,205,6,15375.00,200,97.56,0.10,-0.10
24-March-2015,75.00,76.00,75.00,76.00,75.821052631578947368,475,16,36015.00,375,78.95,1.00,1.00
20-March-2015,80.00,80.00,80.00,80.00,80.000000000000000000,587,10,46960.00,587,100.00,0.00,0.00
19-March-2015,80.00,81.00,80.00,81.00,80.012057877813504823,1244,7,99535.00,1244,100.00,1.00,1.00
18-March-2015,76.95,81.95,76.95,81.95,78.458798385181667062,4211,23,330390.00,2210,52.48,5.00,5.00
17-March-2015,77.00,77.05,76.30,76.60,76.935937500000000000,6400,14,492390.00,6200,96.88,0.75,-0.40
16-March-2015,76.20,80.00,76.00,79.65,77.149253731343283582,3350,23,258450.00,3150,94.03,4.00,3.45
13-March-2015,75.00,80.00,75.00,80.00,79.400452488687782805,2210,13,175475.00,2110,95.48,5.00,5.00
12-March-2015,74.80,84.80,73.80,79.55,76.026548672566371681,3051,24,231957.00,2949,96.66,11.00,4.75
10-March-2015,74.80,74.85,74.80,74.80,74.812500000000000000,400,8,29925.00,300,75.00,0.05,0.00
9-March-2015,80.00,80.00,74.80,74.80,78.960000000000000000,250,4,19740.00,250,100.00,5.20,-5.20
5-March-2015,76.50,76.50,76.50,76.50,76.500000000000000000,100,2,7650.00,100,100.00,0.00,0.00
4-March-2015,77.00,77.00,73.10,74.80,76.728321400159108989,2514,31,192895.00,2514,100.00,3.90,-2.20
3-March-2015,75.55,76.60,75.50,76.60,75.636579572446555819,842,6,63686.00,742,88.12,1.10,1.05
2-March-2015,77.25,77.25,74.80,77.00,76.861668426610348468,5682,44,436728.00,5382,94.72,2.45,-0.25
28-February-2015,86.50,86.50,76.20,76.20,77.113564668769716088,317,24,24445.00,311,98.11,10.30,-10.30
25-February-2015,76.00,76.00,74.80,74.85,75.425000000000000000,200,6,15085.00,100,50.00,1.20,-1.15
24-February-2015,74.80,74.80,74.80,74.80,74.800000000000000000,200,4,14960.00,200,100.00,0.00,0.00
23-February-2015,76.00,76.00,73.25,73.25,74.844827586206896551,1450,12,108525.00,1450,100.00,2.75,-2.75
20-February-2015,75.00,78.95,75.00,76.10,76.358000000000000000,500,28,38179.00,400,80.00,3.95,1.10
19-February-2015,75.00,90.00,74.15,74.80,78.920299427564949361,4542,110,358456.00,2737,60.26,15.85,-0.20
18-February-2015,75.00,75.00,75.00,75.00,75.000000000000000000,100,2,7500.00,100,100.00,0.00,0.00
16-February-2015,75.95,76.00,75.05,76.00,75.912350597609561752,502,14,38108.00,400,79.68,0.95,0.05
13-February-2015,79.00,79.00,75.00,76.00,75.833333333333333333,702,12,53235.00,701,99.86,4.00,-3.00
12-February-2015,76.00,76.20,76.00,76.20,76.005398110661268556,741,4,56320.00,741,100.00,0.20,0.20
11-February-2015,79.90,79.90,75.60,76.00,77.550000000000000000,800,38,62040.00,595,74.38,4.30,-3.90
10-February-2015,75.15,75.95,74.00,74.15,74.434615384615384615,1300,18,96765.00,1000,76.92,1.95,-1.00
9-February-2015,76.50,80.00,76.00,76.00,76.751322751322751322,189,14,14506.00,75,39.68,4.00,-0.50
6-February-2015,77.15,79.35,75.10,76.35,77.219716832721552176,1907,62,147258.00,1225,64.24,4.25,-0.80
5-February-2015,77.30,81.55,77.30,79.00,79.358125000000000000,1600,30,126973.00,1450,90.62,4.25,1.70
4-February-2015,84.00,84.00,80.00,81.55,82.907151095732410611,1734,35,143761.00,1431,82.53,4.00,-2.45
3-February-2015,81.95,81.95,80.00,81.95,81.816410256410256410,2925,31,239313.00,2775,94.87,1.95,0.00
2-February-2015,70.00,74.50,68.50,74.50,71.443451050514081358,4474,39,319638.00,4348,97.18,6.00,4.50
30-January-2015,68.50,70.75,67.70,67.75,67.752000000000000000,250,22,16938.00,250,100.00,3.05,-0.75
28-January-2015,62.25,73.00,62.25,65.75,65.407322654462242562,874,55,57166.00,625,71.51,10.75,3.50
27-January-2015,69.00,69.00,69.00,69.00,69.000000000000000000,80,2,5520.00,80,100.00,0.00,0.00
23-January-2015,68.00,72.00,68.00,68.55,68.978417266187050359,695,22,47940.00,430,61.87,4.00,0.55
22-January-2015,67.50,73.00,67.50,69.50,70.226666666666666666,450,12,31602.00,450,100.00,5.50,2.00
21-January-2015,72.00,72.00,68.35,68.35,71.529411764705882352,459,14,32832.00,400,87.15,3.65,-3.65
20-January-2015,73.90,75.00,70.10,70.15,73.062052505966587112,838,27,61226.00,720,85.92,4.90,-3.75
19-January-2015,78.00,78.00,71.00,72.05,73.564150943396226415,1060,36,77978.00,820,77.36,7.00,-5.95
14-January-2015,75.00,75.00,75.00,75.00,75.000000000000000000,100,4,7500.00,100,100.00,0.00,0.00
13-January-2015,75.00,79.00,75.00,75.15,76.053435114503816793,262,19,19926.00,250,95.42,4.00,0.15
12-January-2015,82.50,82.95,81.90,82.95,82.207436399217221135,511,25,42008.00,510,99.80,1.05,0.45
9-January-2015,77.00,79.25,75.00,75.75,75.543459428241409182,3463,57,261607.00,1864,53.83,4.25,-1.25
8-January-2015,69.00,79.00,69.00,72.55,73.311594202898550724,276,41,20234.00,244,88.41,10.00,3.55
7-January-2015,61.05,74.30,61.00,72.10,63.752159035359296072,6137,30,391247.00,5987,97.56,13.30,11.05
6-January-2015,67.60,67.60,67.60,67.60,67.600000000000000000,5,2,338.00,5,100.00,0.00,0.00
5-January-2015,73.00,73.00,72.50,72.50,72.636363636363636363,99,6,7191.00,99,100.00,0.50,-0.50
2-January-2015,72.50,72.50,72.50,72.50,72.500000000000000000,100,2,7250.00,100,100.00,0.00,0.00
